0	1	0
0.01	0.998752	-0.249521
0.02	0.995014	-0.497673
0.03	0.988805	-0.743838
0.04	0.980146	-0.98741
0.05	0.969067	-1.22779
0.06	0.955603	-1.46438
0.07	0.939794	-1.69661
0.08	0.921687	-1.92391
0.09	0.901334	-2.14573
0.1	0.878793	-2.36153
0.11	0.854125	-2.57079
0.12	0.8274	-2.773
0.13	0.79869	-2.96769
0.14	0.768073	-3.15439
0.15	0.735631	-3.33266
0.16	0.701449	-3.50207
0.17	0.66562	-3.66224
0.18	0.628237	-3.81279
0.19	0.589397	-3.95337
0.2	0.549204	-4.08367
0.21	0.507759	-4.20338
0.22	0.465172	-4.31224
0.23	0.421551	-4.41002
0.24	0.377009	-4.49649
0.25	0.33166	-4.57149
0.26	0.285619	-4.63485
0.27	0.239002	-4.68645
0.28	0.191929	-4.7262
0.29	0.144518	-4.75404
0.3	0.0968881	-4.76993
0.31	0.0491591	-4.77387
0.32	0.00145044	-4.76588
0.33	-0.0461189	-4.74602
0.34	-0.0934307	-4.71438
0.35	-0.140368	-4.67106
0.36	-0.186814	-4.61622
0.37	-0.232654	-4.55002
0.38	-0.277777	-4.47266
0.39	-0.322071	-4.38438
0.4	-0.365429	-4.28541
0.41	-0.407745	-4.17605
0.42	-0.448916	-4.05659
0.43	-0.488844	-3.92736
0.44	-0.527432	-3.78872
0.45	-0.564588	-3.64104
0.46	-0.600224	-3.48472
0.47	-0.634255	-3.32017
0.48	-0.666601	-3.14782
0.49	-0.697187	-2.96813
0.5	-0.725941	-2.78158
0.51	-0.752797	-2.58864
0.52	-0.777694	-2.38981
0.53	-0.800576	-2.18562
0.54	-0.82139	-1.97659
0.55	-0.840093	-1.76325
0.56	-0.856643	-1.54615
0.57	-0.871005	-1.32584
0.58	-0.883151	-1.10288
0.59	-0.893056	-0.877833
0.6	-0.900702	-0.651272
0.61	-0.906078	-0.423764
0.62	-0.909176	-0.19588
0.63	-0.909996	0.0318096
0.64	-0.908543	0.258738
0.65	-0.904826	0.484341
0.66	-0.898862	0.70806
0.67	-0.890673	0.929341
0.68	-0.880285	1.14764
0.69	-0.867732	1.36242
0.7	-0.85305	1.57316
0.71	-0.836284	1.77934
0.72	-0.817481	1.98046
0.73	-0.796693	2.17604
0.74	-0.77398	2.3656
0.75	-0.749403	2.54868
0.76	-0.723029	2.72486
0.77	-0.69493	2.89371
0.78	-0.665181	3.05483
0.79	-0.63386	3.20785
0.8	-0.601052	3.3524
0.81	-0.566842	3.48815
0.82	-0.531319	3.61479
0.83	-0.494577	3.73203
0.84	-0.456711	3.83961
0.85	-0.417818	3.93727
0.86	-0.377999	4.02482
0.87	-0.337356	4.10207
0.88	-0.295993	4.16884
0.89	-0.254015	4.22501
0.9	-0.211528	4.27047
0.91	-0.168641	4.30513
0.92	-0.125462	4.32894
0.93	-0.0820986	4.34188
0.94	-0.0386604	4.34395
0.95	0.00474415	4.33516
0.96	0.0480068	4.31558
0.97	0.0910201	4.2853
0.98	0.133677	4.2444
0.99	0.175873	4.19304
1	0.217504	4.13137
1.01	0.258467	4.05957
1.02	0.298662	3.97785
1.03	0.337992	3.88645
1.04	0.37636	3.78562
1.05	0.413674	3.67565
1.06	0.449843	3.55684
1.07	0.484782	3.4295
1.08	0.518406	3.29399
1.09	0.550636	3.15066
1.1	0.581394	2.9999
1.11	0.61061	2.8421
1.12	0.638214	2.67768
1.13	0.664143	2.50707
1.14	0.688336	2.33072
1.15	0.71074	2.14907
1.16	0.731302	1.96261
1.17	0.749977	1.77181
1.18	0.766725	1.57715
1.19	0.781509	1.37915
1.2	0.794299	1.17829
1.21	0.805067	0.9751
1.22	0.813795	0.770082
1.23	0.820465	0.563755
1.24	0.825067	0.35664
1.25	0.827597	0.149255
1.26	0.828053	-0.0578812
1.27	0.826441	-0.264253
1.28	0.822772	-0.469346
1.29	0.81706	-0.672654
1.3	0.809327	-0.873674
1.31	0.799596	-1.07191
1.32	0.787899	-1.26688
1.33	0.774271	-1.4581
1.34	0.758751	-1.64511
1.35	0.741384	-1.82746
1.36	0.722219	-2.0047
1.37	0.701309	-2.1764
1.38	0.678711	-2.34216
1.39	0.654487	-2.50157
1.4	0.628702	-2.65427
1.41	0.601425	-2.79988
1.42	0.572729	-2.93807
1.43	0.54269	-3.06851
1.44	0.511386	-3.19091
1.45	0.478899	-3.30497
1.46	0.445315	-3.41044
1.47	0.41072	-3.50709
1.48	0.375203	-3.59469
1.49	0.338857	-3.67306
1.5	0.301773	-3.74203
1.51	0.264048	-3.80145
1.52	0.225776	-3.85121
1.53	0.187056	-3.89121
1.54	0.147985	-3.92137
1.55	0.108662	-3.94166
1.56	0.0691849	-3.95205
1.57	0.0296537	-3.95255
1.58	-0.00983315	-3.94318
1.59	-0.0491771	-3.92399
1.6	-0.0882805	-3.89507
1.61	-0.127046	-3.85652
1.62	-0.165379	-3.80846
1.63	-0.203184	-3.75103
1.64	-0.240369	-3.68442
1.65	-0.276843	-3.60881
1.66	-0.312516	-3.52442
1.67	-0.347303	-3.43149
1.68	-0.381118	-3.33027
1.69	-0.413881	-3.22104
1.7	-0.445513	-3.1041
1.71	-0.475939	-2.97977
1.72	-0.505085	-2.84837
1.73	-0.532884	-2.71026
1.74	-0.559269	-2.56579
1.75	-0.58418	-2.41535
1.76	-0.607558	-2.25934
1.77	-0.629349	-2.09816
1.78	-0.649505	-1.93222
1.79	-0.667979	-1.76196
1.8	-0.684731	-1.58781
1.81	-0.699724	-1.41021
1.82	-0.712925	-1.22963
1.83	-0.724308	-1.04653
1.84	-0.733849	-0.861357
1.85	-0.74153	-0.674591
1.86	-0.747337	-0.486701
1.87	-0.751262	-0.29816
1.88	-0.7533	-0.109439
1.89	-0.753452	0.0789896
1.9	-0.751722	0.266657
1.91	-0.748123	0.453096
1.92	-0.742666	0.637846
1.93	-0.735373	0.820451
1.94	-0.726266	1.00046
1.95	-0.715374	1.17744
1.96	-0.702729	1.35094
1.97	-0.688368	1.52056
1.98	-0.672332	1.68587
1.99	-0.654666	1.84647
2	-0.635419	2.00199
2.01	-0.614644	2.15205
2.02	-0.592398	2.29629
2.03	-0.568739	2.43436
2.04	-0.543732	2.56594
2.05	-0.517443	2.69073
2.06	-0.489941	2.80843
2.07	-0.461299	2.91876
2.08	-0.431591	3.02148
2.09	-0.400896	3.11636
2.1	-0.369291	3.20317
2.11	-0.33686	3.28172
2.12	-0.303685	3.35185
2.13	-0.269851	3.41341
2.14	-0.235446	3.46626
2.15	-0.200556	3.5103
2.16	-0.165269	3.54545
2.17	-0.129676	3.57165
2.18	-0.0938664	3.58885
2.19	-0.0579295	3.59704
2.2	-0.0219556	3.59624
2.21	0.0139654	3.58646
2.22	0.0497438	3.56776
2.23	0.085291	3.54021
2.24	0.120519	3.50391
2.25	0.15534	3.45897
2.26	0.18967	3.40553
2.27	0.223423	3.34376
2.28	0.256518	3.27382
2.29	0.288873	3.19592
2.3	0.32041	3.11028
2.31	0.351054	3.01714
2.32	0.380729	2.91674
2.33	0.409365	2.80937
2.34	0.436894	2.6953
2.35	0.46325	2.57485
2.36	0.488371	2.44834
2.37	0.512198	2.31609
2.38	0.534675	2.17846
2.39	0.55575	2.0358
2.4	0.575375	1.8885
2.41	0.593506	1.73691
2.42	0.610101	1.58145
2.43	0.625123	1.42251
2.44	0.638541	1.26049
2.45	0.650324	1.09582
2.46	0.660449	0.928896
2.47	0.668896	0.760159
2.48	0.675648	0.59003
2.49	0.680693	0.418938
2.5	0.684025	0.247313
2.51	0.685639	0.0755852
2.52	0.685538	-0.0958172
2.53	0.683725	-0.266467
2.54	0.680212	-0.43594
2.55	0.675012	-0.603818
2.56	0.668143	-0.769686
2.57	0.659626	-0.933137
2.58	0.649489	-1.09377
2.59	0.637762	-1.25119
2.6	0.624477	-1.40502
2.61	0.609675	-1.55488
2.62	0.593394	-1.70041
2.63	0.575682	-1.84126
2.64	0.556586	-1.97709
2.65	0.536158	-2.10758
2.66	0.514453	-2.23242
2.67	0.491529	-2.35132
2.68	0.467448	-2.46399
2.69	0.442271	-2.57017
2.7	0.416067	-2.66962
2.71	0.388902	-2.76211
2.72	0.360848	-2.84743
2.73	0.331978	-2.92539
2.74	0.302366	-2.99582
2.75	0.272087	-3.05855
2.76	0.241221	-3.11347
2.77	0.209844	-3.16045
2.78	0.178038	-3.1994
2.79	0.145883	-3.23025
2.8	0.113461	-3.25295
2.81	0.0808517	-3.26746
2.82	0.0481388	-3.27377
2.83	0.0154037	-3.27189
2.84	-0.0172718	-3.26185
2.85	-0.0498063	-3.2437
2.86	-0.082119	-3.21751
2.87	-0.11413	-3.18337
2.88	-0.14576	-3.14139
2.89	-0.176932	-3.09169
2.9	-0.207569	-3.03442
2.91	-0.237596	-2.96975
2.92	-0.26694	-2.89787
2.93	-0.29553	-2.81897
2.94	-0.323296	-2.73327
2.95	-0.350173	-2.641
2.96	-0.376095	-2.54242
2.97	-0.401001	-2.43779
2.98	-0.424832	-2.32739
2.99	-0.447531	-2.21151
3	-0.469045	-2.09046
3.01	-0.489324	-1.96455
3.02	-0.508321	-1.83412
3.03	-0.525992	-1.6995
3.04	-0.542298	-1.56104
3.05	-0.557202	-1.41911
3.06	-0.57067	-1.27405
3.07	-0.582673	-1.12625
3.08	-0.593187	-0.976083
3.09	-0.602188	-0.823929
3.1	-0.60966	-0.670175
3.11	-0.615588	-0.515208
3.12	-0.619962	-0.35942
3.13	-0.622775	-0.203201
3.14	-0.624025	-0.0469434
3.15	-0.623715	0.108963
3.16	-0.621849	0.264131
3.17	-0.618436	0.418175
3.18	-0.61349	0.570714
3.19	-0.607028	0.721371
3.2	-0.59907	0.869777
3.21	-0.589641	1.01557
3.22	-0.578769	1.15839
3.23	-0.566484	1.29789
3.24	-0.552823	1.43373
3.25	-0.537823	1.56559
3.26	-0.521526	1.69315
3.27	-0.503976	1.81609
3.28	-0.48522	1.93414
3.29	-0.46531	2.04701
3.3	-0.444298	2.15443
3.31	-0.422241	2.25615
3.32	-0.399195	2.35193
3.33	-0.375222	2.44156
3.34	-0.350385	2.52483
3.35	-0.324748	2.60155
3.36	-0.298376	2.67154
3.37	-0.27134	2.73466
3.38	-0.243707	2.79076
3.39	-0.215548	2.83973
3.4	-0.186936	2.88147
3.41	-0.157943	2.91588
3.42	-0.128643	2.94292
3.43	-0.0991097	2.96254
3.44	-0.0694173	2.9747
3.45	-0.0396406	2.9794
3.46	-0.00985418	2.97665
3.47	0.0198676	2.96648
3.48	0.0494508	2.94893
3.49	0.0788219	2.92408
3.5	0.107908	2.89201
3.51	0.136638	2.85281
3.52	0.164941	2.80662
3.53	0.192748	2.75355
3.54	0.21999	2.69377
3.55	0.246601	2.62745
3.56	0.272518	2.55477
3.57	0.297676	2.47594
3.58	0.322017	2.39115
3.59	0.34548	2.30066
3.6	0.368012	2.20469
3.61	0.389557	2.10351
3.62	0.410065	1.99738
3.63	0.429489	1.88659
3.64	0.447783	1.77142
3.65	0.464904	1.65217
3.66	0.480813	1.52916
3.67	0.495476	1.4027
3.68	0.508857	1.27311
3.69	0.520928	1.14074
3.7	0.531664	1.00592
3.71	0.54104	0.868991
3.72	0.549038	0.730303
3.73	0.555641	0.590208
3.74	0.560838	0.449059
3.75	0.56462	0.307213
3.76	0.566981	0.165025
3.77	0.567921	0.0228504
3.78	0.56744	-0.118955
3.79	0.565544	-0.260038
3.8	0.562242	-0.400051
3.81	0.557548	-0.538645
3.82	0.551475	-0.675479
3.83	0.544045	-0.810218
3.84	0.535279	-0.942532
3.85	0.525204	-1.0721
3.86	0.513847	-1.1986
3.87	0.501243	-1.32173
3.88	0.487425	-1.44119
3.89	0.472432	-1.5567
3.9	0.456305	-1.66798
3.91	0.439088	-1.77476
3.92	0.420826	-1.87679
3.93	0.401569	-1.97383
3.94	0.381367	-2.06566
3.95	0.360274	-2.15205
3.96	0.338344	-2.23282
3.97	0.315637	-2.30777
3.98	0.292209	-2.37674
3.99	0.268122	-2.43956
4	0.243439	-2.49612
4.01	0.218221	-2.54627
4.02	0.192535	-2.58992
4.03	0.166445	-2.62697
4.04	0.140018	-2.65736
4.05	0.11332	-2.68102
4.06	0.08642	-2.69792
4.07	0.0593845	-2.70804
4.08	0.0322819	-2.71136
4.09	0.00517983	-2.70792
4.1	-0.021854	-2.69772
4.11	-0.0487522	-2.68082
4.12	-0.0754482	-2.65728
4.13	-0.101876	-2.62718
4.14	-0.12797	-2.59061
4.15	-0.153667	-2.54769
4.16	-0.178903	-2.49854
4.17	-0.203618	-2.4433
4.18	-0.22775	-2.38213
4.19	-0.251241	-2.31519
4.2	-0.274035	-2.24268
4.21	-0.296077	-2.16479
4.22	-0.317313	-2.08172
4.23	-0.337694	-1.99371
4.24	-0.357172	-1.90099
4.25	-0.375699	-1.80381
4.26	-0.393234	-1.70241
4.27	-0.409734	-1.59706
4.28	-0.425163	-1.48805
4.29	-0.439484	-1.37565
4.3	-0.452666	-1.26015
4.31	-0.464678	-1.14186
4.32	-0.475495	-1.02107
4.33	-0.485092	-0.898087
4.34	-0.49345	-0.773236
4.35	-0.500552	-0.646829
4.36	-0.506382	-0.519187
4.37	-0.510932	-0.390631
4.38	-0.514193	-0.261485
4.39	-0.516161	-0.132073
4.4	-0.516835	-0.00271972
4.41	-0.516217	0.126253
4.42	-0.514312	0.254525
4.43	-0.51113	0.381777
4.44	-0.506681	0.507695
4.45	-0.500981	0.631968
4.46	-0.494048	0.754292
4.47	-0.485903	0.874368
4.48	-0.476569	0.991901
4.49	-0.466074	1.10661
4.5	-0.454447	1.21821
4.51	-0.441721	1.32643
4.52	-0.427931	1.43102
4.53	-0.413114	1.53173
4.54	-0.39731	1.62831
4.55	-0.380562	1.72054
4.56	-0.362914	1.8082
4.57	-0.344414	1.89108
4.58	-0.325109	1.969
4.59	-0.305051	2.04177
4.6	-0.284292	2.10922
4.61	-0.262885	2.17121
4.62	-0.240886	2.22759
4.63	-0.218352	2.27825
4.64	-0.195341	2.32306
4.65	-0.171911	2.36195
4.66	-0.148122	2.39482
4.67	-0.124034	2.42162
4.68	-0.0997098	2.4423
4.69	-0.0752091	2.45682
4.7	-0.050594	2.46516
4.71	-0.0259265	2.46732
4.72	-0.00126811	2.46332
4.73	0.0233196	2.45319
4.74	0.0477754	2.43696
4.75	0.0720387	2.4147
4.76	0.0960496	2.38648
4.77	0.119749	2.35239
4.78	0.143078	2.31253
4.79	0.165981	2.26702
4.8	0.1884	2.21598
4.81	0.210282	2.15957
4.82	0.231574	2.09794
4.83	0.252224	2.03126
4.84	0.272183	1.9597
4.85	0.291403	1.88347
4.86	0.309838	1.80277
4.87	0.327444	1.71781
4.88	0.34418	1.62882
4.89	0.360008	1.53603
4.9	0.374889	1.43968
4.91	0.38879	1.34003
4.92	0.401679	1.23733
4.93	0.413528	1.13186
4.94	0.424308	1.02387
4.95	0.433997	0.913651
4.96	0.442575	0.801483
4.97	0.450022	0.687651
4.98	0.456323	0.572443
4.99	0.461467	0.456152
5	0.465443	0.339071
5.01	0.468247	0.221494
5.02	0.469873	0.103717
5.03	0.470321	-0.0139664
5.04	0.469595	-0.131262
5.05	0.467698	-0.247879
5.06	0.46464	-0.363528
5.07	0.460432	-0.477924
5.08	0.455087	-0.590784
5.09	0.448622	-0.701831
5.1	0.441057	-0.810794
5.11	0.432414	-0.917407
5.12	0.422718	-1.02141
5.13	0.411996	-1.12256
5.14	0.400277	-1.22059
5.15	0.387595	-1.31529
5.16	0.373983	-1.40643
5.17	0.359479	-1.49378
5.18	0.344121	-1.57714
5.19	0.32795	-1.65631
5.2	0.311009	-1.73111
5.21	0.293343	-1.80137
5.22	0.274998	-1.86692
5.23	0.256021	-1.92762
5.24	0.236462	-1.98333
5.25	0.216371	-2.03391
5.26	0.195801	-2.07927
5.27	0.174804	-2.11931
5.28	0.153433	-2.15393
5.29	0.131743	-2.18308
5.3	0.10979	-2.20669
5.31	0.087628	-2.22472
5.32	0.065314	-2.23715
5.33	0.0429038	-2.24395
5.34	0.0204536	-2.24514
5.35	-0.00198032	-2.24072
5.36	-0.0243421	-2.23072
5.37	-0.0465762	-2.21518
5.38	-0.0686274	-2.19416
5.39	-0.0904413	-2.16772
5.4	-0.111964	-2.13596
5.41	-0.133143	-2.09896
5.42	-0.153926	-2.05683
5.43	-0.174263	-2.0097
5.44	-0.194104	-1.95769
5.45	-0.213401	-1.90095
5.46	-0.232108	-1.83964
5.47	-0.250179	-1.77392
5.48	-0.267572	-1.70396
5.49	-0.284245	-1.62997
5.5	-0.300158	-1.55213
5.51	-0.315275	-1.47065
5.52	-0.32956	-1.38574
5.53	-0.342979	-1.29763
5.54	-0.355503	-1.20654
5.55	-0.367101	-1.11272
5.56	-0.377749	-1.0164
5.57	-0.387422	-0.917829
5.58	-0.396099	-0.817265
5.59	-0.403761	-0.714963
5.6	-0.410393	-0.611182
5.61	-0.415981	-0.506187
5.62	-0.420514	-0.400243
5.63	-0.423983	-0.293618
5.64	-0.426385	-0.18658
5.65	-0.427714	-0.0793959
5.66	-0.427973	0.0276648
5.67	-0.427162	0.134336
5.68	-0.425288	0.240352
5.69	-0.422358	0.345451
5.7	-0.418383	0.449373
5.71	-0.413376	0.551862
5.72	-0.407352	0.652666
5.73	-0.400329	0.75154
5.74	-0.392328	0.848242
5.75	-0.383372	0.942537
5.76	-0.373486	1.0342
5.77	-0.362698	1.123
5.78	-0.351036	1.20874
5.79	-0.338534	1.2912
5.8	-0.325224	1.37019
5.81	-0.311142	1.44553
5.82	-0.296326	1.51704
5.83	-0.280815	1.58454
5.84	-0.264649	1.64789
5.85	-0.247871	1.70693
5.86	-0.230525	1.76154
5.87	-0.212656	1.81158
5.88	-0.194309	1.85696
5.89	-0.175533	1.89757
5.9	-0.156374	1.93331
5.91	-0.136883	1.96413
5.92	-0.117108	1.98995
5.93	-0.0971005	2.01073
5.94	-0.0769104	2.02643
5.95	-0.0565889	2.03702
5.96	-0.0361871	2.0425
5.97	-0.015756	2.04286
5.98	0.00465314	2.03813
5.99	0.0249896	2.02832
6	0.0452027	2.01348
6.01	0.0652425	1.99365
6.02	0.0850594	1.96892
6.03	0.104605	1.93934
6.04	0.12383	1.90501
6.05	0.142689	1.86603
6.06	0.161136	1.82251
6.07	0.179125	1.77457
6.08	0.196613	1.72234
6.09	0.213558	1.66598
6.1	0.229919	1.60562
6.11	0.245658	1.54144
6.12	0.260736	1.4736
6.13	0.275118	1.40229
6.14	0.288771	1.32769
6.15	0.301662	1.25001
6.16	0.313761	1.16943
6.17	0.325041	1.08618
6.18	0.335477	1.00047
6.19	0.345043	0.912514
6.2	0.35372	0.822547
6.21	0.361488	0.730797
6.22	0.368331	0.637497
6.23	0.374234	0.542886
6.24	0.379185	0.447203
6.25	0.383175	0.350691
6.26	0.386197	0.253593
6.27	0.388246	0.156152
6.28	0.38932	0.0586142
6.29	0.389419	-0.038778
6.3	0.388545	-0.135782
6.31	0.386705	-0.232156
6.32	0.383905	-0.327662
6.33	0.380155	-0.422065
6.34	0.375468	-0.515131
6.35	0.369858	-0.606633
6.36	0.363342	-0.696346
6.37	0.355938	-0.784053
6.38	0.347668	-0.869541
6.39	0.338555	-0.952602
6.4	0.328625	-1.03304
6.41	0.317904	-1.11065
6.42	0.306422	-1.18526
6.43	0.294209	-1.25669
6.44	0.281299	-1.32477
6.45	0.267725	-1.38934
6.46	0.253524	-1.45025
6.47	0.238733	-1.50736
6.48	0.22339	-1.56053
6.49	0.207536	-1.60965
6.5	0.191211	-1.65461
6.51	0.174458	-1.6953
6.52	0.15732	-1.73164
6.53	0.13984	-1.76354
6.54	0.122064	-1.79096
6.55	0.104036	-1.81381
6.56	0.0858027	-1.83208
6.57	0.0674098	-1.84571
6.58	0.0489039	-1.8547
6.59	0.0303313	-1.85904
6.6	0.0117386	-1.85872
6.61	-0.00682763	-1.85376
6.62	-0.0253212	-1.84419
6.63	-0.0436962	-1.83005
6.64	-0.0619071	-1.81138
6.65	-0.079909	-1.78825
6.66	-0.0976575	-1.76072
6.67	-0.115109	-1.72889
6.68	-0.132221	-1.69283
6.69	-0.148952	-1.65265
6.7	-0.165261	-1.60848
6.71	-0.181108	-1.56042
6.72	-0.196457	-1.5086
6.73	-0.211269	-1.45318
6.74	-0.225509	-1.3943
6.75	-0.239144	-1.33212
6.76	-0.252141	-1.26679
6.77	-0.26447	-1.1985
6.78	-0.276101	-1.12743
6.79	-0.287009	-1.05375
6.8	-0.297168	-0.977667
6.81	-0.306555	-0.899369
6.82	-0.315149	-0.819061
6.83	-0.322931	-0.736949
6.84	-0.329883	-0.653244
6.85	-0.335991	-0.56816
6.86	-0.341242	-0.481913
6.87	-0.345626	-0.394721
6.88	-0.349134	-0.306805
6.89	-0.35176	-0.218387
6.9	-0.353501	-0.129689
6.91	-0.354354	-0.0409323
6.92	-0.35432	0.0476603
6.93	-0.353402	0.135869
6.94	-0.351605	0.223473
6.95	-0.348935	0.310258
6.96	-0.345403	0.396009
6.97	-0.341019	0.480514
6.98	-0.335798	0.563567
6.99	-0.329754	0.644965
7	-0.322905	0.724509
7.01	-0.31527	0.802006
7.02	-0.306872	0.87727
7.03	-0.297733	0.950119
7.04	-0.287878	1.02038
7.05	-0.277334	1.08788
7.06	-0.26613	1.15247
7.07	-0.254295	1.21398
7.08	-0.241861	1.27228
7.09	-0.228861	1.32724
7.1	-0.215328	1.37871
7.11	-0.201299	1.42659
7.12	-0.186809	1.47076
7.13	-0.171896	1.51114
7.14	-0.156599	1.54762
7.15	-0.140957	1.58013
7.16	-0.12501	1.60859
7.17	-0.108799	1.63296
7.18	-0.0923645	1.65318
7.19	-0.075749	1.66921
7.2	-0.0589942	1.68103
7.21	-0.0421424	1.68862
7.22	-0.0252359	1.69197
7.23	-0.0083171	1.69109
7.24	0.00857181	1.68599
7.25	0.0253887	1.6767
7.26	0.0420919	1.66325
7.27	0.05864	1.64569
7.28	0.0749922	1.62408
7.29	0.0911083	1.59847
7.3	0.106949	1.56896
7.31	0.122475	1.53562
7.32	0.137649	1.49854
7.33	0.152433	1.45784
7.34	0.166794	1.41362
7.35	0.180694	1.366
7.36	0.194103	1.31512
7.37	0.206986	1.2611
7.38	0.219315	1.20411
7.39	0.231059	1.14427
7.4	0.242191	1.08176
7.41	0.252686	1.01674
7.42	0.262518	0.949379
7.43	0.271666	0.879847
7.44	0.280109	0.808327
7.45	0.287827	0.735005
7.46	0.294803	0.660067
7.47	0.301023	0.583707
7.48	0.306473	0.506119
7.49	0.311142	0.4275
7.5	0.315021	0.34805
7.51	0.318101	0.267968
7.52	0.320379	0.187458
7.53	0.32185	0.106722
7.54	0.322513	0.0259607
7.55	0.322369	-0.0546233
7.56	0.321422	-0.13483
7.57	0.319675	-0.214459
7.58	0.317135	-0.293315
7.59	0.313812	-0.371202
7.6	0.309715	-0.44793
7.61	0.304858	-0.52331
7.62	0.299254	-0.597159
7.63	0.29292	-0.669295
7.64	0.285874	-0.739545
7.65	0.278136	-0.807739
7.66	0.269727	-0.873713
7.67	0.26067	-0.937309
7.68	0.250989	-0.998375
7.69	0.240711	-1.05677
7.7	0.229863	-1.11235
7.71	0.218474	-1.16498
7.72	0.206574	-1.21455
7.73	0.194194	-1.26094
7.74	0.181366	-1.30405
7.75	0.168124	-1.34377
7.76	0.154502	-1.38002
7.77	0.140535	-1.41272
7.78	0.12626	-1.44179
7.79	0.111712	-1.46718
7.8	0.0969286	-1.48883
7.81	0.0819479	-1.5067
7.82	0.0668074	-1.52075
7.83	0.0515456	-1.53097
7.84	0.0362009	-1.53734
7.85	0.0208118	-1.53985
7.86	0.00541681	-1.53851
7.87	-0.00994555	-1.53333
7.88	-0.0252371	-1.52434
7.89	-0.0404198	-1.51158
7.9	-0.0554562	-1.49508
7.91	-0.0703091	-1.4749
7.92	-0.0849421	-1.4511
7.93	-0.0993192	-1.42375
7.94	-0.113405	-1.39292
7.95	-0.127166	-1.35872
7.96	-0.140569	-1.32122
7.97	-0.15358	-1.28054
7.98	-0.166169	-1.23679
7.99	-0.178306	-1.19008
8	-0.189961	-1.14053
8.01	-0.201108	-1.0883
8.02	-0.211719	-1.0335
8.03	-0.22177	-0.976285
8.04	-0.231237	-0.916807
8.05	-0.240099	-0.855218
8.06	-0.248335	-0.79168
8.07	-0.255926	-0.726356
8.08	-0.262857	-0.659416
8.09	-0.26911	-0.591029
8.1	-0.274673	-0.521373
8.11	-0.279534	-0.450624
8.12	-0.283682	-0.378963
8.13	-0.287111	-0.30657
8.14	-0.289812	-0.233629
8.15	-0.291782	-0.160324
8.16	-0.293018	-0.0868378
8.17	-0.293519	-0.0133552
8.18	-0.293285	0.0599406
8.19	-0.292321	0.132867
8.2	-0.29063	0.205244
8.21	-0.288219	0.276892
8.22	-0.285095	0.347633
8.23	-0.28127	0.417296
8.24	-0.276753	0.485708
8.25	-0.27156	0.552703
8.26	-0.265705	0.618118
8.27	-0.259204	0.681795
8.28	-0.252075	0.743579
8.29	-0.244339	0.803322
8.3	-0.236016	0.860882
8.31	-0.227129	0.91612
8.32	-0.217702	0.968907
8.33	-0.207759	1.01912
8.34	-0.197328	1.06663
8.35	-0.186436	1.11135
8.36	-0.175111	1.15315
8.37	-0.163383	1.19195
8.38	-0.151282	1.22766
8.39	-0.13884	1.2602
8.4	-0.126089	1.2895
8.41	-0.113061	1.31549
8.42	-0.0997905	1.33812
8.43	-0.0863103	1.35734
8.44	-0.0726551	1.37312
8.45	-0.0588595	1.38542
8.46	-0.0449583	1.39423
8.47	-0.0309866	1.39953
8.48	-0.0169794	1.40133
8.49	-0.00297171	1.39962
8.5	0.0110014	1.39442
8.51	0.0249052	1.38576
8.52	0.0387052	1.37367
8.53	0.0523672	1.35818
8.54	0.0658577	1.33935
8.55	0.0791433	1.31724
8.56	0.0921917	1.2919
8.57	0.104971	1.26342
8.58	0.11745	1.23186
8.59	0.129598	1.19733
8.6	0.141387	1.15991
8.61	0.152787	1.11971
8.62	0.163772	1.07684
8.63	0.174315	1.0314
8.64	0.184392	0.983533
8.65	0.193978	0.933351
8.66	0.203052	0.880989
8.67	0.211591	0.826585
8.68	0.219577	0.770282
8.69	0.226991	0.712224
8.7	0.233816	0.652563
8.71	0.240038	0.591453
8.72	0.245641	0.529049
8.73	0.250615	0.465511
8.74	0.254948	0.401003
8.75	0.258632	0.335686
8.76	0.26166	0.269728
8.77	0.264025	0.203294
8.78	0.265724	0.136551
8.79	0.266756	0.0696682
8.8	0.267118	0.00281138
8.81	0.266812	-0.0638522
8.82	0.265842	-0.130157
8.83	0.264211	-0.195938
8.84	0.261926	-0.261033
8.85	0.258993	-0.325281
8.86	0.255423	-0.388526
8.87	0.251227	-0.450611
8.88	0.246415	-0.511385
8.89	0.241004	-0.570702
8.9	0.235007	-0.628416
8.91	0.228441	-0.684389
8.92	0.221325	-0.738486
8.93	0.213678	-0.790578
8.94	0.205521	-0.840541
8.95	0.196875	-0.888257
8.96	0.187764	-0.933613
8.97	0.178211	-0.976503
8.98	0.168242	-1.01683
8.99	0.157883	-1.05449
9	0.147161	-1.08941
9.01	0.136104	-1.12151
9.02	0.124741	-1.15071
9.03	0.1131	-1.17696
9.04	0.101212	-1.20019
9.05	0.0891064	-1.22035
9.06	0.076815	-1.2374
9.07	0.0643688	-1.25132
9.08	0.0517992	-1.26207
9.09	0.0391379	-1.26964
9.1	0.0264169	-1.27402
9.11	0.0136681	-1.27521
9.12	0.000923386	-1.27321
9.13	-0.0117855	-1.26804
9.14	-0.0244269	-1.25972
9.15	-0.0369694	-1.24828
9.16	-0.0493821	-1.23376
9.17	-0.0616344	-1.2162
9.18	-0.0736962	-1.19566
9.19	-0.0855379	-1.1722
9.2	-0.0971306	-1.14588
9.21	-0.108446	-1.11678
9.22	-0.119457	-1.08499
9.23	-0.130137	-1.05058
9.24	-0.14046	-1.01365
9.25	-0.150402	-0.974298
9.26	-0.159939	-0.932636
9.27	-0.169048	-0.888771
9.28	-0.177707	-0.842819
9.29	-0.185897	-0.794901
9.3	-0.193599	-0.745143
9.31	-0.200795	-0.693675
9.32	-0.207467	-0.640629
9.33	-0.213602	-0.586144
9.34	-0.219186	-0.530359
9.35	-0.224206	-0.473417
9.36	-0.228651	-0.415464
9.37	-0.232512	-0.356648
9.38	-0.235781	-0.297118
9.39	-0.238452	-0.237025
9.4	-0.240521	-0.176521
9.41	-0.241982	-0.115757
9.42	-0.242835	-0.0548858
9.43	-0.24308	0.00593966
9.44	-0.242717	0.0665681
9.45	-0.24175	0.126849
9.46	-0.240182	0.186632
9.47	-0.238019	0.245771
9.48	-0.235269	0.304119
9.49	-0.23194	0.361533
9.5	-0.228042	0.417874
9.51	-0.223587	0.473002
9.52	-0.218586	0.526785
9.53	-0.213056	0.579092
9.54	-0.20701	0.629797
9.55	-0.200466	0.678778
9.56	-0.19344	0.725919
9.57	-0.185954	0.771106
9.58	-0.178025	0.814234
9.59	-0.169676	0.855201
9.6	-0.160929	0.89391
9.61	-0.151806	0.930273
9.62	-0.142331	0.964204
9.63	-0.13253	0.995628
9.64	-0.122427	1.02447
9.65	-0.112049	1.05067
9.66	-0.101423	1.07418
9.67	-0.0905751	1.09493
9.68	-0.0795337	1.11288
9.69	-0.068327	1.128
9.7	-0.0569832	1.14027
9.71	-0.0455312	1.14965
9.72	-0.0339999	1.15613
9.73	-0.0224183	1.15971
9.74	-0.0108154	1.16038
9.75	0.000779735	1.15816
9.76	0.0123382	1.15305
9.77	0.0238312	1.14508
9.78	0.0352303	1.13428
9.79	0.0465074	1.12067
9.8	0.0576346	1.10431
9.81	0.0685846	1.08525
9.82	0.0793307	1.06353
9.83	0.0898465	1.03922
9.84	0.100107	1.01239
9.85	0.110086	0.98312
9.86	0.119761	0.95148
9.87	0.129108	0.91756
9.88	0.138105	0.881452
9.89	0.14673	0.843252
9.9	0.154963	0.803062
9.91	0.162785	0.760988
9.92	0.170177	0.717141
9.93	0.177123	0.671635
9.94	0.183605	0.62459
9.95	0.18961	0.576126
9.96	0.195123	0.52637
9.97	0.200133	0.47545
9.98	0.204629	0.423495
9.99	0.2086	0.370639
10	0.212039	0.317016
10.01	0.214938	0.262763
10.02	0.217292	0.208016
10.03	0.219097	0.152915
10.04	0.22035	0.0975966
10.05	0.221049	0.0422004
10.06	0.221194	-0.0131351
10.07	0.220787	-0.0682721
10.08	0.21983	-0.123073
10.09	0.218327	-0.177404
10.1	0.216284	-0.231128
10.11	0.213707	-0.284115
10.12	0.210604	-0.336234
10.13	0.206986	-0.387358
10.14	0.202861	-0.437362
10.15	0.198243	-0.486124
10.16	0.193143	-0.533528
10.17	0.187577	-0.579457
10.18	0.181559	-0.623803
10.19	0.175106	-0.666459
10.2	0.168236	-0.707325
10.21	0.160966	-0.746302
10.22	0.153317	-0.7833
10.23	0.145307	-0.818233
10.24	0.136959	-0.851018
10.25	0.128294	-0.881582
10.26	0.119335	-0.909854
10.27	0.110105	-0.93577
10.28	0.100628	-0.959273
10.29	0.0909277	-0.980312
10.3	0.0810299	-0.998842
10.31	0.0709594	-1.01482
10.32	0.060742	-1.02822
10.33	0.0504036	-1.03902
10.34	0.0399704	-1.04719
10.35	0.0294687	-1.05272
10.36	0.0189249	-1.0556
10.37	0.00836551	-1.05585
10.38	-0.00218318	-1.05345
10.39	-0.0126948	-1.04844
10.4	-0.0231433	-1.04082
10.41	-0.0335027	-1.03063
10.42	-0.0437475	-1.0179
10.43	-0.0538524	-1.00267
10.44	-0.0637926	-0.984974
10.45	-0.0735438	-0.964878
10.46	-0.0830823	-0.942433
10.47	-0.0923849	-0.917704
10.48	-0.101429	-0.890758
10.49	-0.110193	-0.86167
10.5	-0.118656	-0.830519
10.51	-0.126797	-0.797388
10.52	-0.134597	-0.762367
10.53	-0.142038	-0.725547
10.54	-0.149102	-0.687027
10.55	-0.155773	-0.646908
10.56	-0.162035	-0.605295
10.57	-0.167875	-0.562295
10.58	-0.173277	-0.518022
10.59	-0.178231	-0.472587
10.6	-0.182725	-0.42611
10.61	-0.18675	-0.378708
10.62	-0.190297	-0.330503
10.63	-0.193358	-0.281618
10.64	-0.195927	-0.232176
10.65	-0.198	-0.182303
10.66	-0.199572	-0.132124
10.67	-0.200642	-0.081766
10.68	-0.201208	-0.0313546
10.69	-0.201269	0.018984
10.7	-0.200829	0.0691244
10.71	-0.199888	0.118942
10.72	-0.198451	0.168314
10.73	-0.196523	0.217117
10.74	-0.194111	0.265233
10.75	-0.191222	0.312543
10.76	-0.187863	0.35893
10.77	-0.184046	0.404284
10.78	-0.179781	0.448492
10.79	-0.175081	0.491448
10.8	-0.169957	0.53305
10.81	-0.164425	0.573196
10.82	-0.158498	0.611791
10.83	-0.152194	0.648744
10.84	-0.145529	0.683968
10.85	-0.138521	0.717378
10.86	-0.131188	0.748899
10.87	-0.123549	0.778455
10.88	-0.115626	0.805981
10.89	-0.107437	0.831412
10.9	-0.0990045	0.854693
10.91	-0.0903503	0.87577
10.92	-0.0814966	0.894599
10.93	-0.072466	0.911138
10.94	-0.0632816	0.925354
10.95	-0.0539667	0.937219
10.96	-0.0445451	0.946708
10.97	-0.0350405	0.953806
10.98	-0.025477	0.958503
10.99	-0.0158785	0.960793
11	-0.00626914	0.960679
11.01	0.00332709	0.958167
11.02	0.0128863	0.953272
11.03	0.0223846	0.946012
11.04	0.0317987	0.936413
11.05	0.0411052	0.924505
11.06	0.0502812	0.910326
11.07	0.0593043	0.893918
11.08	0.0681523	0.875327
11.09	0.0768037	0.854608
11.1	0.0852376	0.831818
11.11	0.0934334	0.80702
11.12	0.101372	0.780283
11.13	0.109033	0.751678
11.14	0.116399	0.721283
11.15	0.123453	0.689178
11.16	0.130177	0.65545
11.17	0.136557	0.620187
11.18	0.142576	0.583482
11.19	0.148222	0.545431
11.2	0.153481	0.506132
11.21	0.158341	0.465688
11.22	0.162791	0.424203
11.23	0.166822	0.381783
11.24	0.170424	0.338538
11.25	0.17359	0.294577
11.26	0.176313	0.250013
11.27	0.178589	0.204958
11.28	0.180411	0.159527
11.29	0.181778	0.113834
11.3	0.182687	0.0679932
11.31	0.183138	0.0221203
11.32	0.18313	-0.0236704
11.33	0.182665	-0.0692649
11.34	0.181746	-0.11455
11.35	0.180376	-0.159413
11.36	0.178559	-0.203745
11.37	0.176303	-0.247435
11.38	0.173613	-0.290376
11.39	0.170498	-0.332464
11.4	0.166967	-0.373597
11.41	0.16303	-0.413673
11.42	0.158697	-0.452598
11.43	0.153982	-0.490276
11.44	0.148896	-0.526618
11.45	0.143454	-0.561536
11.46	0.137671	-0.594949
11.47	0.131561	-0.626776
11.48	0.125141	-0.656944
11.49	0.118428	-0.685382
11.5	0.111439	-0.712025
11.51	0.104193	-0.73681
11.52	0.0967092	-0.759682
11.53	0.0890062	-0.78059
11.54	0.0811041	-0.799487
11.55	0.0730233	-0.816333
11.56	0.0647845	-0.83109
11.57	0.0564086	-0.843729
11.58	0.047917	-0.854224
11.59	0.0393313	-0.862556
11.6	0.0306732	-0.868711
11.61	0.0219644	-0.872679
11.62	0.0132269	-0.874457
11.63	0.00448254	-0.874047
11.64	-0.00424679	-0.871457
11.65	-0.0129394	-0.8667
11.66	-0.0215736	-0.859794
11.67	-0.0301282	-0.850763
11.68	-0.0385819	-0.839636
11.69	-0.046914	-0.826447
11.7	-0.0551041	-0.811234
11.71	-0.0631321	-0.794043
11.72	-0.0709785	-0.774921
11.73	-0.0786243	-0.753923
11.74	-0.0860509	-0.731105
11.75	-0.0932405	-0.706532
11.76	-0.100176	-0.680269
11.77	-0.106841	-0.652387
11.78	-0.113219	-0.62296
11.79	-0.119295	-0.592066
11.8	-0.125055	-0.559788
11.81	-0.130486	-0.526209
11.82	-0.135575	-0.491417
11.83	-0.140311	-0.455503
11.84	-0.144682	-0.41856
11.85	-0.148679	-0.380683
11.86	-0.152293	-0.341969
11.87	-0.155516	-0.302518
11.88	-0.158341	-0.26243
11.89	-0.160763	-0.221807
11.9	-0.162776	-0.180752
11.91	-0.164377	-0.139369
11.92	-0.165562	-0.0977625
11.93	-0.166331	-0.0560364
11.94	-0.166683	-0.0142954
11.95	-0.166618	0.0273563
11.96	-0.166137	0.0688149
11.97	-0.165242	0.109978
11.98	-0.163938	0.150742
11.99	-0.162229	0.191009
12	-0.16012	0.230678
12.01	-0.157618	0.269653
12.02	-0.15473	0.307838
12.03	-0.151464	0.34514
12.04	-0.14783	0.381469
12.05	-0.143838	0.416738
12.06	-0.139499	0.45086
12.07	-0.134825	0.483755
12.08	-0.129829	0.515345
12.09	-0.124523	0.545553
12.1	-0.118922	0.57431
12.11	-0.113042	0.601547
12.12	-0.106897	0.627201
12.13	-0.100503	0.651213
12.14	-0.093878	0.673528
12.15	-0.0870385	0.694095
12.16	-0.0800021	0.712868
12.17	-0.0727872	0.729805
12.18	-0.0654123	0.744871
12.19	-0.0578962	0.758032
12.2	-0.0502581	0.769263
12.21	-0.0425174	0.778539
12.22	-0.0346938	0.785845
12.23	-0.0268071	0.791168
12.24	-0.0188771	0.7945
12.25	-0.0109238	0.795839
12.26	-0.00296697	0.795189
12.27	0.0049734	0.792555
12.28	0.0128776	0.787952
12.29	0.0207259	0.781395
12.3	0.028499	0.772908
12.31	0.0361777	0.762518
12.32	0.0437432	0.750256
12.33	0.0511767	0.736158
12.34	0.0584603	0.720265
12.35	0.0655762	0.702622
12.36	0.0725071	0.683278
12.37	0.0792363	0.662287
12.38	0.0857475	0.639706
12.39	0.0920253	0.615596
12.4	0.0980546	0.590022
12.41	0.103821	0.563052
12.42	0.109311	0.534757
12.43	0.114512	0.505213
12.44	0.119412	0.474496
12.45	0.123998	0.442688
12.46	0.128262	0.409869
12.47	0.132193	0.376126
12.48	0.135782	0.341545
12.49	0.139021	0.306216
12.5	0.141904	0.270228
12.51	0.144424	0.233673
12.52	0.146576	0.196645
12.53	0.148355	0.159237
12.54	0.149759	0.121544
12.55	0.150786	0.0836598
12.56	0.151432	0.0456806
12.57	0.151699	0.00770117
12.58	0.151587	-0.0301837
12.59	0.151096	-0.0678798
12.6	0.15023	-0.105293
12.61	0.148992	-0.142332
12.62	0.147385	-0.178905
12.63	0.145415	-0.214922
12.64	0.143089	-0.250294
12.65	0.140412	-0.284936
12.66	0.137393	-0.318763
12.67	0.13404	-0.351693
12.68	0.130362	-0.383646
12.69	0.12637	-0.414547
12.7	0.122075	-0.44432
12.71	0.117488	-0.472895
12.72	0.112621	-0.500204
12.73	0.107488	-0.526183
12.74	0.102102	-0.550772
12.75	0.0964775	-0.573911
12.76	0.0906289	-0.59555
12.77	0.0845717	-0.615637
12.78	0.0783215	-0.634127
12.79	0.0718946	-0.65098
12.8	0.0653075	-0.666157
12.81	0.0585772	-0.679626
12.82	0.0517208	-0.691359
12.83	0.0447559	-0.701331
12.84	0.0377001	-0.709523
12.85	0.0305714	-0.71592
12.86	0.0233877	-0.720511
12.87	0.0161672	-0.723289
12.88	0.00892797	-0.724255
12.89	0.00168814	-0.72341
12.9	-0.00553421	-0.720762
12.91	-0.0127211	-0.716323
12.92	-0.0198547	-0.710109
12.93	-0.0269175	-0.702142
12.94	-0.0338918	-0.692447
12.95	-0.0407607	-0.681052
12.96	-0.0475073	-0.667992
12.97	-0.0541151	-0.653304
12.98	-0.0605681	-0.637029
12.99	-0.0668506	-0.619213
13	-0.0729474	-0.599906
13.01	-0.0788439	-0.579158
13.02	-0.084526	-0.557028
13.03	-0.08998	-0.533574
13.04	-0.0951932	-0.508858
13.05	-0.100153	-0.482946
13.06	-0.104848	-0.455907
13.07	-0.109268	-0.42781
13.08	-0.113401	-0.398731
13.09	-0.117239	-0.368743
13.1	-0.120773	-0.337925
13.11	-0.123995	-0.306355
13.12	-0.126898	-0.274116
13.13	-0.129476	-0.241289
13.14	-0.131722	-0.207959
13.15	-0.133634	-0.174209
13.16	-0.135205	-0.140125
13.17	-0.136435	-0.105794
13.18	-0.137321	-0.0713017
13.19	-0.137861	-0.0367347
13.2	-0.138056	-0.0021796
13.21	-0.137905	0.0322775
13.22	-0.137411	0.0665507
13.23	-0.136575	0.100555
13.24	-0.135401	0.134207
13.25	-0.133892	0.167423
13.26	-0.132054	0.200122
13.27	-0.129892	0.232223
13.28	-0.127412	0.263648
13.29	-0.124621	0.294322
13.3	-0.121528	0.324168
13.31	-0.118141	0.353117
13.32	-0.114469	0.381097
13.33	-0.110522	0.408043
13.34	-0.106312	0.433889
13.35	-0.101848	0.458576
13.36	-0.0971443	0.482043
13.37	-0.0922118	0.504238
13.38	-0.087064	0.525107
13.39	-0.0817142	0.544604
13.4	-0.0761766	0.562682
13.41	-0.0704654	0.579303
13.42	-0.0645955	0.594428
13.43	-0.058582	0.608024
13.44	-0.0524403	0.620061
13.45	-0.046186	0.630516
13.46	-0.0398353	0.639365
13.47	-0.0334042	0.646592
13.48	-0.0269089	0.652184
13.49	-0.020366	0.656131
13.5	-0.0137918	0.658429
13.51	-0.00720289	0.659077
13.52	-0.000615749	0.658078
13.53	0.0059532	0.655439
13.54	0.0124876	0.651173
13.55	0.0189713	0.645294
13.56	0.0253882	0.637823
13.57	0.0317225	0.628782
13.58	0.0379587	0.618198
13.59	0.0440814	0.606104
13.6	0.0500758	0.592533
13.61	0.0559273	0.577524
13.62	0.0616217	0.561119
13.63	0.0671452	0.543362
13.64	0.0724846	0.524303
13.65	0.0776271	0.503992
13.66	0.0825604	0.482484
13.67	0.0872729	0.459836
13.68	0.0917535	0.436109
13.69	0.0959917	0.411364
13.7	0.0999777	0.385667
13.71	0.103702	0.359084
13.72	0.107157	0.331685
13.73	0.110333	0.30354
13.74	0.113225	0.274721
13.75	0.115826	0.245303
13.76	0.118129	0.215362
13.77	0.120131	0.184972
13.78	0.121828	0.154212
13.79	0.123215	0.123159
13.8	0.12429	0.0918919
13.81	0.125052	0.0604889
13.82	0.1255	0.0290291
13.83	0.125633	-0.00240891
13.84	0.125452	-0.0337468
13.85	0.124958	-0.0649065
13.86	0.124155	-0.0958109
13.87	0.123043	-0.126384
13.88	0.121628	-0.156549
13.89	0.119914	-0.186234
13.9	0.117905	-0.215365
13.91	0.115609	-0.243871
13.92	0.11303	-0.271683
13.93	0.110178	-0.298734
13.94	0.107058	-0.324958
13.95	0.103681	-0.350293
13.96	0.100056	-0.374678
13.97	0.0961912	-0.398054
13.98	0.0920982	-0.420367
13.99	0.0877876	-0.441564
14	0.0832708	-0.461595
14.01	0.0785597	-0.480415
14.02	0.0736667	-0.497979
14.03	0.0686045	-0.514247
14.04	0.0633862	-0.529184
14.05	0.0580254	-0.542755
14.06	0.0525358	-0.554931
14.07	0.0469315	-0.565685
14.08	0.0412269	-0.574995
14.09	0.0354365	-0.582843
14.1	0.0295749	-0.589212
14.11	0.0236572	-0.594092
14.12	0.0176981	-0.597474
14.13	0.0117127	-0.599355
14.14	0.005716	-0.599735
14.15	-0.000277	-0.598617
14.16	-0.00625136	-0.596008
14.17	-0.0121922	-0.591919
14.18	-0.0180849	-0.586366
14.19	-0.0239147	-0.579365
14.2	-0.0296674	-0.57094
14.21	-0.0353288	-0.561115
14.22	-0.0408851	-0.549919
14.23	-0.0463228	-0.537384
14.24	-0.0516285	-0.523546
14.25	-0.0567895	-0.508442
14.26	-0.0617932	-0.492115
14.27	-0.0666278	-0.474608
14.28	-0.0712816	-0.455969
14.29	-0.0757436	-0.436248
14.3	-0.0800032	-0.415498
14.31	-0.0840503	-0.393772
14.32	-0.0878755	-0.371129
14.33	-0.09147	-0.347628
14.34	-0.0948254	-0.323329
14.35	-0.0979342	-0.298297
14.36	-0.100789	-0.272594
14.37	-0.103384	-0.246289
14.38	-0.105713	-0.219447
14.39	-0.107771	-0.192139
14.4	-0.109555	-0.164432
14.41	-0.111059	-0.136398
14.42	-0.112282	-0.108108
14.43	-0.113221	-0.0796326
14.44	-0.113874	-0.0510438
14.45	-0.114241	-0.0224132
14.46	-0.114322	0.00618751
14.47	-0.114118	0.0346871
14.48	-0.113629	0.0630148
14.49	-0.112858	0.0911003
14.5	-0.111808	0.118874
14.51	-0.110482	0.146269
14.52	-0.108884	0.173216
14.53	-0.10702	0.19965
14.54	-0.104893	0.225506
14.55	-0.102512	0.250723
14.56	-0.0998811	0.275238
14.57	-0.0970093	0.298992
14.58	-0.093904	0.32193
14.59	-0.0905736	0.343995
14.6	-0.0870272	0.365136
14.61	-0.0832742	0.385301
14.62	-0.0793246	0.404445
14.63	-0.0751888	0.422523
14.64	-0.0708778	0.439491
14.65	-0.0664028	0.455312
14.66	-0.0617755	0.469949
14.67	-0.0570079	0.48337
14.68	-0.0521123	0.495544
14.69	-0.0471013	0.506444
14.7	-0.0419877	0.516048
14.71	-0.0367847	0.524336
14.72	-0.0315054	0.53129
14.73	-0.0261634	0.536897
14.74	-0.020772	0.541147
14.75	-0.015345	0.544034
14.76	-0.00989591	0.545555
14.77	-0.00443845	0.54571
14.78	0.00101374	0.544502
14.79	0.00644707	0.541939
14.8	0.011848	0.538031
14.81	0.0172032	0.532792
14.82	0.0224995	0.526238
14.83	0.0277237	0.518392
14.84	0.0328631	0.509275
14.85	0.037905	0.498914
14.86	0.0428373	0.487339
14.87	0.0476479	0.474582
14.88	0.0523251	0.46068
14.89	0.0568578	0.445669
14.9	0.061235	0.429591
14.91	0.0654462	0.412489
14.92	0.0694815	0.394409
14.93	0.0733313	0.375398
14.94	0.0769865	0.355508
14.95	0.0804387	0.334789
14.96	0.0836797	0.313298
14.97	0.0867022	0.291089
14.98	0.0894993	0.26822
14.99	0.0920646	0.24475
15	0.0943925	0.220739
15.01	0.0964778	0.19625
15.02	0.0983161	0.171344
15.03	0.0999035	0.146085
15.04	0.101237	0.120537
15.05	0.102313	0.0947649
15.06	0.103132	0.0688334
15.07	0.10369	0.0428079
15.08	0.103988	0.0167534
15.09	0.104025	-0.0092648
15.1	0.103803	-0.035182
15.11	0.103322	-0.0609337
15.12	0.102585	-0.0864562
15.13	0.101594	-0.111686
15.14	0.100352	-0.136562
15.15	0.0988639	-0.161023
15.16	0.0971334	-0.185009
15.17	0.0951655	-0.20846
15.18	0.0929661	-0.231322
15.19	0.0905413	-0.253537
15.2	0.0878977	-0.275054
15.21	0.0850427	-0.295819
15.22	0.081984	-0.315784
15.23	0.0787298	-0.334901
15.24	0.0752889	-0.353125
15.25	0.0716705	-0.370413
15.26	0.0678839	-0.386725
15.27	0.0639393	-0.402022
15.28	0.059847	-0.416271
15.29	0.0556175	-0.429438
15.3	0.0512619	-0.441494
15.31	0.0467915	-0.452411
15.32	0.0422176	-0.462167
15.33	0.0375521	-0.470741
15.34	0.0328068	-0.478113
15.35	0.0279938	-0.484271
15.36	0.0231255	-0.489201
15.37	0.0182139	-0.492896
15.38	0.0132717	-0.49535
15.39	0.00831108	-0.49656
15.4	0.00334462	-0.496527
15.41	-0.00161532	-0.495255
15.42	-0.00655636	-0.49275
15.43	-0.0114662	-0.489024
15.44	-0.0163328	-0.484088
15.45	-0.021144	-0.477959
15.46	-0.0258881	-0.470655
15.47	-0.0305533	-0.462198
15.48	-0.0351283	-0.452614
15.49	-0.0396019	-0.441928
15.5	-0.0439633	-0.430172
15.51	-0.0482018	-0.417377
15.52	-0.0523074	-0.403578
15.53	-0.0562702	-0.388814
15.54	-0.0600806	-0.373124
15.55	-0.0637297	-0.35655
15.56	-0.0672088	-0.339135
15.57	-0.0705098	-0.320926
15.58	-0.0736249	-0.301971
15.59	-0.0765469	-0.282319
15.6	-0.0792691	-0.262021
15.61	-0.0817853	-0.24113
15.62	-0.0840899	-0.219699
15.63	-0.0861777	-0.197785
15.64	-0.0880442	-0.175443
15.65	-0.0896853	-0.152729
15.66	-0.0910977	-0.129703
15.67	-0.0922785	-0.106422
15.68	-0.0932255	-0.082945
15.69	-0.093937	-0.0593313
15.7	-0.0944119	-0.0356403
15.71	-0.0946497	-0.0119313
15.72	-0.0946506	0.0117364
15.73	-0.0944153	0.035304
15.74	-0.0939451	0.0587128
15.75	-0.0932418	0.081905
15.76	-0.0923079	0.104823
15.77	-0.0911464	0.127411
15.78	-0.0897609	0.149614
15.79	-0.0881556	0.171376
15.8	-0.0863351	0.192646
15.81	-0.0843045	0.213371
15.82	-0.0820696	0.233501
15.83	-0.0796366	0.252989
15.84	-0.0770121	0.271787
15.85	-0.0742033	0.28985
15.86	-0.0712177	0.307135
15.87	-0.0680634	0.323602
15.88	-0.0647485	0.339213
15.89	-0.0612821	0.35393
15.9	-0.057673	0.367719
15.91	-0.0539309	0.38055
15.92	-0.0500653	0.392392
15.93	-0.0460864	0.40322
15.94	-0.0420044	0.413008
15.95	-0.0378298	0.421737
15.96	-0.0335733	0.429387
15.97	-0.0292457	0.435943
15.98	-0.0248581	0.44139
15.99	-0.0204216	0.44572
16	-0.0159475	0.448925
16.01	-0.0114469	0.450999
16.02	-0.00693124	0.451942
16.03	-0.00241182	0.451754
16.04	0.00210009	0.450439
16.05	0.00659323	0.448004
16.06	0.0110565	0.444458
16.07	0.0154787	0.439814
16.08	0.0198491	0.434086
16.09	0.0241569	0.427291
16.1	0.0283915	0.41945
16.11	0.0325425	0.410587
16.12	0.0365999	0.400724
16.13	0.0405537	0.389892
16.14	0.0443946	0.378119
16.15	0.0481131	0.365437
16.16	0.0517004	0.351881
16.17	0.0551479	0.337488
16.18	0.0584475	0.322296
16.19	0.0615913	0.306344
16.2	0.064572	0.289676
16.21	0.0673826	0.272335
16.22	0.0700166	0.254366
16.23	0.072468	0.235816
16.24	0.0747311	0.216734
16.25	0.076801	0.197167
16.26	0.078673	0.177167
16.27	0.0803431	0.156785
16.28	0.0818076	0.136072
16.29	0.0830636	0.115082
16.3	0.0841085	0.0938676
16.31	0.0849404	0.0724825
16.32	0.0855578	0.0509806
16.33	0.0859598	0.0294158
16.34	0.0861461	0.00784215
16.35	0.0861168	-0.0136864
16.36	0.0858727	-0.0351163
16.37	0.085415	-0.0563944
16.38	0.0847455	-0.077468
16.39	0.0838665	-0.0982851
16.4	0.0827808	-0.118795
16.41	0.0814918	-0.138946
16.42	0.0800032	-0.158691
16.43	0.0783195	-0.17798
16.44	0.0764453	-0.196767
16.45	0.074386	-0.215007
16.46	0.0721471	-0.232656
16.47	0.069735	-0.249671
16.48	0.067156	-0.266012
16.49	0.0644171	-0.28164
16.5	0.0615257	-0.296519
16.51	0.0584893	-0.310612
16.52	0.0553161	-0.323889
16.53	0.0520144	-0.336317
16.54	0.0485927	-0.347869
16.55	0.04506	-0.358518
16.56	0.0414254	-0.36824
16.57	0.0376984	-0.377015
16.58	0.0338884	-0.384822
16.59	0.0300052	-0.391645
16.6	0.0260588	-0.39747
16.61	0.0220592	-0.402286
16.62	0.0180165	-0.406083
16.63	0.0139409	-0.408856
16.64	0.00984279	-0.4106
16.65	0.00573236	-0.411314
16.66	0.00161994	-0.410999
16.67	-0.0024842	-0.409659
16.68	-0.00656985	-0.407302
16.69	-0.0106269	-0.403934
16.7	-0.0146452	-0.399569
16.71	-0.018615	-0.394219
16.72	-0.0225264	-0.387902
16.73	-0.0263698	-0.380635
16.74	-0.030136	-0.37244
16.75	-0.0338156	-0.363341
16.76	-0.0373999	-0.353361
16.77	-0.04088	-0.34253
16.78	-0.0442477	-0.330876
16.79	-0.0474949	-0.318432
16.8	-0.0506138	-0.30523
16.81	-0.0535971	-0.291306
16.82	-0.0564377	-0.276696
16.83	-0.0591289	-0.26144
16.84	-0.0616644	-0.245577
16.85	-0.0640385	-0.229148
16.86	-0.0662456	-0.212197
16.87	-0.0682808	-0.194767
16.88	-0.0701395	-0.176903
16.89	-0.0718176	-0.158651
16.9	-0.0733114	-0.140058
16.91	-0.0746178	-0.121171
16.92	-0.075734	-0.102038
16.93	-0.0766579	-0.0827079
16.94	-0.0773877	-0.0632292
16.95	-0.0779221	-0.0436511
16.96	-0.0782605	-0.0240227
16.97	-0.0784026	-0.00439306
16.98	-0.0783485	0.0151887
16.99	-0.0780991	0.0346739
17	-0.0776556	0.0540142
17.01	-0.0770195	0.0731617
17.02	-0.0761931	0.0920693
17.03	-0.0751791	0.110691
17.04	-0.0739804	0.12898
17.05	-0.0726007	0.146892
17.06	-0.071044	0.164384
17.07	-0.0693146	0.181414
17.08	-0.0674174	0.19794
17.09	-0.0653576	0.213922
17.1	-0.0631409	0.229322
17.11	-0.0607732	0.244104
17.12	-0.058261	0.258233
17.13	-0.0556108	0.271675
17.14	-0.0528299	0.284398
17.15	-0.0499254	0.296374
17.16	-0.046905	0.307574
17.17	-0.0437766	0.317973
17.18	-0.0405483	0.327547
17.19	-0.0372285	0.336275
17.2	-0.0338257	0.344137
17.21	-0.0303487	0.351117
17.22	-0.0268063	0.3572
17.23	-0.0232077	0.362374
17.24	-0.0195619	0.366627
17.25	-0.0158782	0.369953
17.26	-0.012166	0.372345
17.27	-0.00843446	0.373801
17.28	-0.00469308	0.374319
17.29	-0.00095119	0.373902
17.3	0.00278186	0.372553
17.31	0.00649679	0.370278
17.32	0.0101844	0.367086
17.33	0.0138355	0.362988
17.34	0.0174411	0.357995
17.35	0.0209925	0.352125
17.36	0.0244808	0.345393
17.37	0.0278975	0.337819
17.38	0.0312344	0.329424
17.39	0.0344833	0.320233
17.4	0.0376365	0.31027
17.41	0.0406863	0.299563
17.42	0.0436254	0.288139
17.43	0.0464468	0.276031
17.44	0.0491438	0.263271
17.45	0.0517101	0.249891
17.46	0.0541397	0.235928
17.47	0.0564269	0.221418
17.48	0.0585664	0.206399
17.49	0.0605533	0.19091
17.5	0.0623831	0.174991
17.51	0.0640518	0.158682
17.52	0.0655556	0.142027
17.53	0.0668913	0.125067
17.54	0.0680561	0.107845
17.55	0.0690475	0.0904063
17.56	0.0698636	0.0727939
17.57	0.070503	0.0550526
17.58	0.0709644	0.037227
17.59	0.0712474	0.0193619
17.6	0.0713517	0.00150203
17.61	0.0712776	-0.0163081
17.62	0.0710258	-0.0340242
17.63	0.0705975	-0.0516023
17.64	0.0699944	-0.068999
17.65	0.0692183	-0.0861713
17.66	0.0682718	-0.103077
17.67	0.0671578	-0.119675
17.68	0.0658795	-0.135925
17.69	0.0644406	-0.151786
17.7	0.0628452	-0.167222
17.71	0.0610977	-0.182193
17.72	0.059203	-0.196666
17.73	0.0571662	-0.210604
17.74	0.0549928	-0.223974
17.75	0.0526887	-0.236746
17.76	0.05026	-0.248888
17.77	0.0477131	-0.260373
17.78	0.0450548	-0.271174
17.79	0.042292	-0.281266
17.8	0.0394319	-0.290625
17.81	0.036482	-0.299231
17.82	0.0334499	-0.307065
17.83	0.0303434	-0.314108
17.84	0.0271704	-0.320347
17.85	0.0239391	-0.325767
17.86	0.0206578	-0.330359
17.87	0.0173348	-0.334111
17.88	0.0139784	-0.337019
17.89	0.0105972	-0.339077
17.9	0.00719971	-0.340283
17.91	0.0037944	-0.340636
17.92	0.000389832	-0.340137
17.93	-0.00300552	-0.338791
17.94	-0.00638319	-0.336604
17.95	-0.00973482	-0.333583
17.96	-0.0130521	-0.329739
17.97	-0.0163269	-0.325083
17.98	-0.0195511	-0.31963
17.99	-0.0227169	-0.313395
18	-0.0258165	-0.306397
18.01	-0.0288423	-0.298656
18.02	-0.0317872	-0.290192
18.03	-0.0346439	-0.281029
18.04	-0.0374055	-0.271192
18.05	-0.0400655	-0.260708
18.06	-0.0426176	-0.249605
18.07	-0.0450557	-0.237912
18.08	-0.047374	-0.22566
18.09	-0.0495671	-0.212882
18.1	-0.05163	-0.199611
18.11	-0.0535578	-0.185881
18.12	-0.0553462	-0.171728
18.13	-0.0569911	-0.15719
18.14	-0.0584888	-0.142302
18.15	-0.0598361	-0.127104
18.16	-0.06103	-0.111635
18.17	-0.062068	-0.0959328
18.18	-0.062948	-0.0800385
18.19	-0.0636683	-0.063992
18.2	-0.0642275	-0.047834
18.21	-0.0646247	-0.0316049
18.22	-0.0648595	-0.0153455
18.23	-0.0649317	0.000903399
18.24	-0.0648416	0.0171014
18.25	-0.0645899	0.0332082
18.26	-0.0641779	0.0491839
18.27	-0.0636068	0.064989
18.28	-0.0628788	0.0805845
18.29	-0.061996	0.0959322
18.3	-0.0609611	0.110994
18.31	-0.0597772	0.125735
18.32	-0.0584476	0.140117
18.33	-0.0569761	0.154106
18.34	-0.0553669	0.167669
18.35	-0.0536243	0.180773
18.36	-0.0517531	0.193387
18.37	-0.0497583	0.20548
18.38	-0.0476453	0.217023
18.39	-0.0454197	0.227991
18.4	-0.0430875	0.238357
18.41	-0.0406547	0.248097
18.42	-0.0381277	0.257189
18.43	-0.0355131	0.265611
18.44	-0.0328178	0.273345
18.45	-0.0300486	0.280374
18.46	-0.0272127	0.286683
18.47	-0.0243174	0.292257
18.48	-0.02137	0.297084
18.49	-0.0183782	0.301156
18.5	-0.0153495	0.304464
18.51	-0.0122915	0.307002
18.52	-0.00921199	0.308767
18.53	-0.00611874	0.309755
18.54	-0.00301947	0.309968
18.55	7.80403e-05	0.309406
18.56	0.00316608	0.308074
18.57	0.00623697	0.305977
18.58	0.0092831	0.303123
18.59	0.0122969	0.29952
18.6	0.015271	0.295181
18.61	0.0181981	0.290118
18.62	0.021071	0.284346
18.63	0.0238828	0.277882
18.64	0.0266264	0.270744
18.65	0.0292955	0.262952
18.66	0.0318834	0.254526
18.67	0.0343839	0.245491
18.68	0.0367912	0.235869
18.69	0.0390995	0.225689
18.7	0.0413032	0.214975
18.71	0.0433973	0.203757
18.72	0.0453768	0.192064
18.73	0.0472371	0.179926
18.74	0.0489739	0.167376
18.75	0.0505833	0.154446
18.76	0.0520617	0.141169
18.77	0.0534057	0.12758
18.78	0.0546124	0.113713
18.79	0.0556791	0.0996033
18.8	0.0566037	0.0852875
18.81	0.0573843	0.0708018
18.82	0.0580193	0.0561828
18.83	0.0585076	0.0414674
18.84	0.0588485	0.0266926
18.85	0.0590414	0.0118954
18.86	0.0590864	-0.0028872
18.87	0.0589838	-0.0176183
18.88	0.0587344	-0.0322613
18.89	0.058339	-0.0467799
18.9	0.0577993	-0.0611382
18.91	0.0571169	-0.075301
18.92	0.056294	-0.0892334
18.93	0.0553331	-0.102901
18.94	0.054237	-0.116272
18.95	0.0530088	-0.129312
18.96	0.051652	-0.14199
18.97	0.0501703	-0.154276
18.98	0.0485679	-0.16614
18.99	0.046849	-0.177553
19	0.0450184	-0.18849
19.01	0.0430809	-0.198923
19.02	0.0410417	-0.208829
19.03	0.0389062	-0.218184
19.04	0.0366799	-0.226966
19.05	0.0343688	-0.235155
19.06	0.0319789	-0.242733
19.07	0.0295162	-0.249683
19.08	0.0269873	-0.255989
19.09	0.0243987	-0.261636
19.1	0.0217569	-0.266614
19.11	0.0190687	-0.270912
19.12	0.0163409	-0.274521
19.13	0.0135806	-0.277433
19.14	0.0107946	-0.279645
19.15	0.00799001	-0.281152
19.16	0.0051739	-0.281953
19.17	0.00235331	-0.282047
19.18	-0.0004647	-0.281438
19.19	-0.00327311	-0.280128
19.2	-0.00606494	-0.278123
19.21	-0.00883327	-0.275429
19.22	-0.0115713	-0.272057
19.23	-0.0142722	-0.268015
19.24	-0.0169294	-0.263317
19.25	-0.0195364	-0.257975
19.26	-0.0220868	-0.252006
19.27	-0.0245745	-0.245426
19.28	-0.0269933	-0.238253
19.29	-0.0293376	-0.230506
19.3	-0.0316016	-0.222208
19.31	-0.03378	-0.21338
19.32	-0.0358675	-0.204046
19.33	-0.0378593	-0.19423
19.34	-0.0397506	-0.18396
19.35	-0.0415371	-0.173261
19.36	-0.0432145	-0.162161
19.37	-0.0447791	-0.15069
19.38	-0.0462272	-0.138877
19.39	-0.0475556	-0.126754
19.4	-0.0487613	-0.11435
19.41	-0.0498417	-0.101698
19.42	-0.0507945	-0.0888295
19.43	-0.0516177	-0.0757783
19.44	-0.0523096	-0.062577
19.45	-0.0528689	-0.0492592
19.46	-0.0532945	-0.0358583
19.47	-0.0535859	-0.022408
19.48	-0.0537426	-0.00894211
19.49	-0.0537648	0.00450576
19.5	-0.0536527	0.0179021
19.51	-0.053407	0.0312136
19.52	-0.0530288	0.0444074
19.53	-0.0525194	0.0574508
19.54	-0.0518804	0.0703117
19.55	-0.0511138	0.0829587
19.56	-0.050222	0.0953607
19.57	-0.0492075	0.107488
19.58	-0.0480733	0.11931
19.59	-0.0468225	0.130799
19.6	-0.0454585	0.141927
19.61	-0.0439852	0.152668
19.62	-0.0424065	0.162995
19.63	-0.0407268	0.172885
19.64	-0.0389504	0.182314
19.65	-0.0370821	0.191259
19.66	-0.0351269	0.199701
19.67	-0.0330898	0.207618
19.68	-0.0309763	0.214994
19.69	-0.0287918	0.221811
19.7	-0.026542	0.228054
19.71	-0.0242327	0.233709
19.72	-0.0218698	0.238764
19.73	-0.0194594	0.243208
19.74	-0.0170077	0.247032
19.75	-0.0145209	0.250228
19.76	-0.0120053	0.252789
19.77	-0.00946722	0.254712
19.78	-0.00691315	0.255994
19.79	-0.00434948	0.256633
19.8	-0.00178263	0.256629
19.81	0.000780973	0.255985
19.82	0.00333495	0.254704
19.83	0.00587295	0.252792
19.84	0.0083887	0.250254
19.85	0.010876	0.247099
19.86	0.0133286	0.243337
19.87	0.0157407	0.238978
19.88	0.0181063	0.234037
19.89	0.0204196	0.228526
19.9	0.0226749	0.222461
19.91	0.024867	0.215859
19.92	0.0269904	0.208739
19.93	0.0290401	0.201119
19.94	0.0310112	0.193019
19.95	0.032899	0.184462
19.96	0.034699	0.175471
19.97	0.036407	0.166068
19.98	0.038019	0.156279
19.99	0.0395314	0.146129
