0	1	0
0.01	0.99875	-0.249896
0.02	0.995004	-0.499167
0.03	0.988771	-0.747191
0.04	0.980067	-0.993347
0.05	0.968912	-1.23702
0.06	0.955336	-1.4776
0.07	0.939373	-1.71449
0.08	0.921061	-1.94709
0.09	0.900447	-2.17483
0.1	0.877583	-2.39713
0.11	0.852525	-2.61344
0.12	0.825336	-2.82321
0.13	0.796084	-3.02593
0.14	0.764842	-3.22109
0.15	0.731689	-3.40819
0.16	0.696707	-3.58678
0.17	0.659983	-3.7564
0.18	0.62161	-3.91663
0.19	0.581683	-4.06708
0.2	0.540302	-4.20735
0.21	0.497571	-4.33712
0.22	0.453596	-4.45604
0.23	0.408487	-4.56382
0.24	0.362358	-4.6602
0.25	0.315322	-4.74492
0.26	0.267499	-4.81779
0.27	0.219007	-4.87862
0.28	0.169967	-4.92725
0.29	0.120503	-4.96356
0.3	0.0707373	-4.98747
0.31	0.0207949	-4.99892
0.32	-0.0291994	-4.99787
0.33	-0.0791208	-4.98433
0.34	-0.128844	-4.95832
0.35	-0.178246	-4.91993
0.36	-0.227202	-4.86924
0.37	-0.27559	-4.80638
0.38	-0.323289	-4.7315
0.39	-0.370181	-4.6448
0.4	-0.416147	-4.54649
0.41	-0.461073	-4.43681
0.42	-0.504846	-4.31605
0.43	-0.547358	-4.18449
0.44	-0.588501	-4.04248
0.45	-0.628174	-3.89037
0.46	-0.666276	-3.72853
0.47	-0.702713	-3.55737
0.48	-0.737394	-3.37732
0.49	-0.770231	-3.18882
0.5	-0.801144	-2.99236
0.51	-0.830053	-2.78842
0.52	-0.856889	-2.57751
0.53	-0.881582	-2.36015
0.54	-0.904072	-2.1369
0.55	-0.924302	-1.90831
0.56	-0.942222	-1.67494
0.57	-0.957787	-1.43739
0.58	-0.970958	-1.19625
0.59	-0.981702	-0.952114
0.6	-0.989992	-0.705601
0.61	-0.995808	-0.457324
0.62	-0.999135	-0.207904
0.63	-0.999965	0.0420354
0.64	-0.998295	0.29187
0.65	-0.99413	0.540975
0.66	-0.98748	0.788728
0.67	-0.978362	1.03451
0.68	-0.966798	1.2777
0.69	-0.952818	1.51771
0.7	-0.936457	1.75392
0.71	-0.917755	1.98574
0.72	-0.896758	2.2126
0.73	-0.873521	2.43393
0.74	-0.8481	2.64918
0.75	-0.820559	2.85781
0.76	-0.790968	3.05929
0.77	-0.759399	3.25312
0.78	-0.725932	3.43883
0.79	-0.690651	3.61594
0.8	-0.653644	3.78401
0.81	-0.615003	3.94263
0.82	-0.574824	4.09138
0.83	-0.533209	4.22992
0.84	-0.490261	4.35788
0.85	-0.446088	4.47495
0.86	-0.400799	4.58083
0.87	-0.354509	4.67526
0.88	-0.307333	4.75801
0.89	-0.259389	4.82886
0.9	-0.210796	4.88765
0.91	-0.161676	4.93422
0.92	-0.112153	4.96845
0.93	-0.0623488	4.99027
0.94	-0.0123889	4.99962
0.95	0.0376019	4.99646
0.96	0.0874987	4.98082
0.97	0.137177	4.95273
0.98	0.186512	4.91226
0.99	0.235381	4.85952
1	0.283662	4.79462
1.01	0.331234	4.71774
1.02	0.377977	4.62907
1.03	0.423777	4.52883
1.04	0.468516	4.41727
1.05	0.512085	4.29467
1.06	0.554374	4.16134
1.07	0.595277	4.0176
1.08	0.634693	3.86382
1.09	0.672522	3.70039
1.1	0.70867	3.5277
1.11	0.743046	3.3462
1.12	0.775566	3.15633
1.13	0.806147	2.95858
1.14	0.834713	2.75343
1.15	0.861192	2.5414
1.16	0.885519	2.32301
1.17	0.907633	2.09882
1.18	0.927478	1.86938
1.19	0.945005	1.63528
1.2	0.96017	1.39708
1.21	0.972935	1.15539
1.22	0.983268	0.910814
1.23	0.991144	0.663961
1.24	0.996542	0.415449
1.25	0.999449	0.165898
1.26	0.999859	-0.0840679
1.27	0.997769	-0.333823
1.28	0.993185	-0.582744
1.29	0.986119	-0.830209
1.3	0.976588	-1.0756
1.31	0.964616	-1.3183
1.32	0.950233	-1.55771
1.33	0.933475	-1.79322
1.34	0.914383	-2.02425
1.35	0.893006	-2.25022
1.36	0.869398	-2.47057
1.37	0.843616	-2.68474
1.38	0.815725	-2.8922
1.39	0.785796	-3.09243
1.4	0.753902	-3.28493
1.41	0.720125	-3.46922
1.42	0.684547	-3.64484
1.43	0.647258	-3.81135
1.44	0.608352	-3.96834
1.45	0.567924	-4.1154
1.46	0.526078	-4.25218
1.47	0.482916	-4.37833
1.48	0.438548	-4.49354
1.49	0.393083	-4.59752
1.5	0.346636	-4.69
1.51	0.299322	-4.77076
1.52	0.25126	-4.8396
1.53	0.20257	-4.89634
1.54	0.153374	-4.94084
1.55	0.103795	-4.97299
1.56	0.0539558	-4.99272
1.57	0.00398203	-4.99996
1.58	-0.0460017	-4.99471
1.59	-0.0958705	-4.97697
1.6	-0.1455	-4.94679
1.61	-0.194765	-4.90425
1.62	-0.243544	-4.84945
1.63	-0.291714	-4.78253
1.64	-0.339154	-4.70365
1.65	-0.385748	-4.61302
1.66	-0.431376	-4.51086
1.67	-0.475927	-4.39742
1.68	-0.519288	-4.273
1.69	-0.561351	-4.13789
1.7	-0.602012	-3.99244
1.71	-0.641167	-3.83701
1.72	-0.67872	-3.67199
1.73	-0.714576	-3.49779
1.74	-0.748646	-3.31485
1.75	-0.780845	-3.12362
1.76	-0.811093	-2.92459
1.77	-0.839313	-2.71824
1.78	-0.865435	-2.50511
1.79	-0.889394	-2.28571
1.8	-0.91113	-2.06059
1.81	-0.930589	-1.83033
1.82	-0.947721	-1.59549
1.83	-0.962485	-1.35667
1.84	-0.974843	-1.11445
1.85	-0.984765	-0.86945
1.86	-0.992225	-0.622275
1.87	-0.997205	-0.373544
1.88	-0.999693	-0.12388
1.89	-0.999682	0.126094
1.9	-0.997172	0.375753
1.91	-0.99217	0.624473
1.92	-0.984688	0.871631
1.93	-0.974745	1.11661
1.94	-0.962365	1.3588
1.95	-0.94758	1.59759
1.96	-0.930426	1.83239
1.97	-0.910947	2.06261
1.98	-0.889191	2.28768
1.99	-0.865213	2.50702
2	-0.839072	2.7201
2.01	-0.810833	2.92638
2.02	-0.780568	3.12535
2.03	-0.748352	3.31651
2.04	-0.714266	3.49937
2.05	-0.678394	3.67349
2.06	-0.640827	3.83843
2.07	-0.601658	3.99377
2.08	-0.560985	4.13913
2.09	-0.51891	4.27415
2.1	-0.475537	4.39848
2.11	-0.430977	4.51182
2.12	-0.385339	4.61388
2.13	-0.338738	4.7044
2.14	-0.29129	4.78317
2.15	-0.243114	4.84999
2.16	-0.19433	4.90468
2.17	-0.145061	4.94711
2.18	-0.0954294	4.97718
2.19	-0.0455591	4.99481
2.2	0.00442513	4.99995
2.21	0.0543983	4.9926
2.22	0.104235	4.97276
2.23	0.153812	4.9405
2.24	0.203004	4.89589
2.25	0.251689	4.83904
2.26	0.299745	4.7701
2.27	0.347051	4.68923
2.28	0.39349	4.59664
2.29	0.438946	4.49257
2.3	0.483304	4.37726
2.31	0.526455	4.25102
2.32	0.568289	4.11414
2.33	0.608703	3.96699
2.34	0.647596	3.80992
2.35	0.68487	3.64333
2.36	0.720432	3.46763
2.37	0.754194	3.28326
2.38	0.78607	3.09069
2.39	0.815982	2.89039
2.4	0.843854	2.68287
2.41	0.869616	2.46864
2.42	0.893206	2.24824
2.43	0.914563	2.02222
2.44	0.933633	1.79115
2.45	0.950371	1.5556
2.46	0.964732	1.31616
2.47	0.976683	1.07343
2.48	0.986192	0.828024
2.49	0.993236	0.580544
2.5	0.997798	0.331613
2.51	0.999866	0.0818527
2.52	0.999435	-0.168112
2.53	0.996505	-0.417656
2.54	0.991085	-0.666157
2.55	0.983188	-0.912992
2.56	0.972833	-1.15755
2.57	0.960046	-1.39921
2.58	0.94486	-1.63737
2.59	0.927313	-1.87144
2.6	0.907447	-2.10083
2.61	0.885313	-2.32497
2.62	0.860967	-2.5433
2.63	0.834469	-2.75528
2.64	0.805884	-2.96036
2.65	0.775286	-3.15805
2.66	0.74275	-3.34785
2.67	0.708357	-3.52927
2.68	0.672194	-3.70188
2.69	0.63435	-3.86523
2.7	0.594921	-4.01892
2.71	0.554005	-4.16257
2.72	0.511705	-4.29581
2.73	0.468125	-4.41831
2.74	0.423375	-4.52977
2.75	0.377567	-4.62991
2.76	0.330816	-4.71848
2.77	0.283237	-4.79525
2.78	0.234951	-4.86004
2.79	0.186077	-4.91268
2.8	0.136738	-4.95304
2.81	0.0870573	-4.98102
2.82	0.0371591	-4.99655
2.83	-0.012832	-4.99959
2.84	-0.062791	-4.99013
2.85	-0.112593	-4.96821
2.86	-0.162114	-4.93386
2.87	-0.211229	-4.88718
2.88	-0.259817	-4.82829
2.89	-0.307755	-4.75733
2.9	-0.354924	-4.67448
2.91	-0.401205	-4.57994
2.92	-0.446484	-4.47396
2.93	-0.490647	-4.35679
2.94	-0.533584	-4.22874
2.95	-0.575187	-4.09011
2.96	-0.615352	-3.94126
2.97	-0.653979	-3.78256
2.98	-0.690972	-3.61441
2.99	-0.726237	-3.43722
3	-0.759687	-3.25144
3.01	-0.791239	-3.05754
3.02	-0.820813	-2.85599
3.03	-0.848335	-2.6473
3.04	-0.873737	-2.432
3.05	-0.896954	-2.21061
3.06	-0.91793	-1.98371
3.07	-0.936612	-1.75184
3.08	-0.952953	-1.5156
3.09	-0.966911	-1.27556
3.1	-0.978453	-1.03234
3.11	-0.98755	-0.78654
3.12	-0.994178	-0.538772
3.13	-0.998321	-0.289658
3.14	-0.999968	-0.03982
3.15	-0.999117	0.210118
3.16	-0.995768	0.45953
3.17	-0.98993	0.707794
3.18	-0.981618	0.954289
3.19	-0.970852	1.1984
3.2	-0.95766	1.43951
3.21	-0.942074	1.67703
3.22	-0.924133	1.91035
3.23	-0.903883	2.1389
3.24	-0.881373	2.36211
3.25	-0.85666	2.57941
3.26	-0.829806	2.79026
3.27	-0.800878	2.99414
3.28	-0.769948	3.19053
3.29	-0.737094	3.37895
3.3	-0.702398	3.55892
3.31	-0.665945	3.73
3.32	-0.627829	3.89176
3.33	-0.588143	4.04379
3.34	-0.546987	4.18571
3.35	-0.504463	4.31717
3.36	-0.460679	4.43783
3.37	-0.415744	4.54741
3.38	-0.369769	4.64562
3.39	-0.32287	4.73222
3.4	-0.275164	4.80699
3.41	-0.22677	4.86974
3.42	-0.17781	4.92032
3.43	-0.128405	4.95861
3.44	-0.0786791	4.9845
3.45	-0.0287565	4.99793
3.46	0.0212379	4.99887
3.47	0.0711793	4.98732
3.48	0.120943	4.9633
3.49	0.170404	4.92687
3.5	0.219439	4.87813
3.51	0.267926	4.8172
3.52	0.315743	4.74422
3.53	0.362771	4.65939
3.54	0.408892	4.56291
3.55	0.453991	4.45503
3.56	0.497955	4.33601
3.57	0.540675	4.20616
3.58	0.582043	4.06579
3.59	0.621957	3.91526
3.6	0.660316	3.75494
3.61	0.697025	3.58524
3.62	0.731991	3.40657
3.63	0.765128	3.21939
3.64	0.796352	3.02417
3.65	0.825586	2.82138
3.66	0.852756	2.61155
3.67	0.877795	2.39518
3.68	0.90064	2.17283
3.69	0.921233	1.94505
3.7	0.939525	1.71241
3.71	0.955467	1.47548
3.72	0.969022	1.23487
3.73	0.980154	0.991175
3.74	0.988837	0.745
3.75	0.995048	0.496963
3.76	0.998772	0.247683
3.77	1	-0.00221549
3.78	0.998728	-0.252109
3.79	0.99496	-0.501371
3.8	0.988705	-0.749381
3.81	0.979978	-0.995518
3.82	0.968803	-1.23917
3.83	0.955205	-1.47972
3.84	0.939221	-1.71657
3.85	0.920888	-1.94913
3.86	0.900254	-2.17682
3.87	0.87737	-2.39907
3.88	0.852293	-2.61532
3.89	0.825085	-2.82504
3.9	0.795816	-3.0277
3.91	0.764557	-3.22278
3.92	0.731387	-3.40981
3.93	0.696389	-3.58832
3.94	0.65965	-3.75786
3.95	0.621263	-3.91801
3.96	0.581323	-4.06837
3.97	0.539929	-4.20855
3.98	0.497187	-4.33822
3.99	0.453201	-4.45704
4	0.408083	-4.56472
4.01	0.361945	-4.661
4.02	0.314902	-4.74562
4.03	0.267072	-4.81838
4.04	0.218574	-4.8791
4.05	0.169531	-4.92762
4.06	0.120063	-4.96383
4.07	0.0702953	-4.98763
4.08	0.0203519	-4.99896
4.09	-0.0296423	-4.9978
4.1	-0.0795625	-4.98415
4.11	-0.129284	-4.95804
4.12	-0.178682	-4.91953
4.13	-0.227633	-4.86873
4.14	-0.276016	-4.80576
4.15	-0.323709	-4.73078
4.16	-0.370592	-4.64398
4.17	-0.41655	-4.54556
4.18	-0.461466	-4.43579
4.19	-0.505228	-4.31493
4.2	-0.547728	-4.18328
4.21	-0.588859	-4.04118
4.22	-0.628518	-3.88897
4.23	-0.666606	-3.72705
4.24	-0.703028	-3.55581
4.25	-0.737693	-3.37568
4.26	-0.770514	-3.18712
4.27	-0.801409	-2.99059
4.28	-0.8303	-2.78658
4.29	-0.857117	-2.57561
4.3	-0.881791	-2.3582
4.31	-0.904261	-2.1349
4.32	-0.924471	-1.90626
4.33	-0.942371	-1.67285
4.34	-0.957914	-1.43527
4.35	-0.971064	-1.1941
4.36	-0.981786	-0.949939
4.37	-0.990055	-0.703407
4.38	-0.995849	-0.455118
4.39	-0.999153	-0.205691
4.4	-0.999961	0.0442508
4.41	-0.998269	0.294082
4.42	-0.994082	0.543177
4.43	-0.98741	0.790915
4.44	-0.97827	1.03668
4.45	-0.966685	1.27985
4.46	-0.952684	1.51982
4.47	-0.936301	1.75599
4.48	-0.917578	1.98777
4.49	-0.896562	2.21459
4.5	-0.873305	2.43587
4.51	-0.847865	2.65106
4.52	-0.820306	2.85962
4.53	-0.790697	3.06104
4.54	-0.759111	3.25481
4.55	-0.725628	3.44044
4.56	-0.690331	3.61747
4.57	-0.653308	3.78546
4.58	-0.614653	3.94399
4.59	-0.574461	4.09266
4.6	-0.532834	4.2311
4.61	-0.489875	4.35896
4.62	-0.445691	4.47593
4.63	-0.400393	4.58172
4.64	-0.354095	4.67605
4.65	-0.306911	4.75869
4.66	-0.258961	4.82944
4.67	-0.210363	4.88812
4.68	-0.161239	4.93458
4.69	-0.111712	4.9687
4.7	-0.0619065	4.99041
4.71	-0.0119458	4.99964
4.72	0.0380447	4.99638
4.73	0.0879401	4.98063
4.74	0.137616	4.95243
4.75	0.186947	4.91185
4.76	0.235812	4.85899
4.77	0.284087	4.79399
4.78	0.331652	4.71701
4.79	0.378388	4.62824
4.8	0.424178	4.52789
4.81	0.468908	4.41624
4.82	0.512466	4.29354
4.83	0.554743	4.16011
4.84	0.595633	4.01628
4.85	0.635035	3.86242
4.86	0.672849	3.6989
4.87	0.708982	3.52613
4.88	0.743343	3.34455
4.89	0.775845	3.15462
4.9	0.806409	2.95679
4.91	0.834957	2.75158
4.92	0.861417	2.53949
4.93	0.885725	2.32105
4.94	0.907819	2.09681
4.95	0.927644	1.86733
4.96	0.94515	1.63318
4.97	0.960294	1.39495
4.98	0.973037	1.15323
4.99	0.983349	0.908636
5	0.991203	0.661765
5.01	0.996579	0.413241
5.02	0.999464	0.163683
5.03	0.999851	-0.086283
5.04	0.997739	-0.336034
5.05	0.993133	-0.584945
5.06	0.986045	-0.832393
5.07	0.976492	-1.07776
5.08	0.964499	-1.32044
5.09	0.950095	-1.55981
5.1	0.933316	-1.79529
5.11	0.914204	-2.02627
5.12	0.892807	-2.2522
5.13	0.869179	-2.47249
5.14	0.843378	-2.68661
5.15	0.815469	-2.894
5.16	0.785522	-3.09417
5.17	0.753611	-3.2866
5.18	0.719817	-3.47082
5.19	0.684224	-3.64636
5.2	0.64692	-3.81279
5.21	0.608	-3.96969
5.22	0.56756	-4.11666
5.23	0.525701	-4.25335
5.24	0.482528	-4.3794
5.25	0.438149	-4.49451
5.26	0.392675	-4.59839
5.27	0.34622	-4.69077
5.28	0.298899	-4.77142
5.29	0.250831	-4.84015
5.3	0.202136	-4.89679
5.31	0.152936	-4.94118
5.32	0.103354	-4.97322
5.33	0.0535134	-4.99284
5.34	0.00353894	-4.99997
5.35	-0.0464443	-4.9946
5.36	-0.0963115	-4.97676
5.37	-0.145938	-4.94647
5.38	-0.1952	-4.90382
5.39	-0.243973	-4.84891
5.4	-0.292137	-4.78188
5.41	-0.339571	-4.7029
5.42	-0.386156	-4.61217
5.43	-0.431776	-4.5099
5.44	-0.476317	-4.39637
5.45	-0.519667	-4.27184
5.46	-0.561718	-4.13664
5.47	-0.602365	-3.9911
5.48	-0.641507	-3.83559
5.49	-0.679045	-3.67048
5.5	-0.714886	-3.49621
5.51	-0.74894	-3.31319
5.52	-0.781122	-3.12189
5.53	-0.811352	-2.92279
5.54	-0.839554	-2.71638
5.55	-0.865657	-2.50319
5.56	-0.889596	-2.28374
5.57	-0.911313	-2.05858
5.58	-0.930751	-1.82827
5.59	-0.947863	-1.59339
5.6	-0.962605	-1.35454
5.61	-0.974942	-1.11229
5.62	-0.984842	-0.867268
5.63	-0.99228	-0.620076
5.64	-0.997238	-0.371335
5.65	-0.999704	-0.121665
5.66	-0.999671	0.128309
5.67	-0.997139	0.377962
5.68	-0.992115	0.626671
5.69	-0.984611	0.873813
5.7	-0.974646	1.11877
5.71	-0.962244	1.36093
5.72	-0.947438	1.59969
5.73	-0.930264	1.83445
5.74	-0.910764	2.06463
5.75	-0.888989	2.28965
5.76	-0.864991	2.50894
5.77	-0.838831	2.72196
5.78	-0.810574	2.92818
5.79	-0.780291	3.12708
5.8	-0.748058	3.31816
5.81	-0.713956	3.50095
5.82	-0.678069	3.67499
5.83	-0.640487	3.83985
5.84	-0.601304	3.9951
5.85	-0.560618	4.14037
5.86	-0.518531	4.27529
5.87	-0.475148	4.39953
5.88	-0.430577	4.51277
5.89	-0.38493	4.61473
5.9	-0.338321	4.70515
5.91	-0.290866	4.78382
5.92	-0.242684	4.85053
5.93	-0.193896	4.90511
5.94	-0.144623	4.94743
5.95	-0.0949883	4.97739
5.96	-0.0451164	4.99491
5.97	0.00486822	4.99994
5.98	0.0548407	4.99248
5.99	0.104676	4.97253
6	0.15425	4.94016
6.01	0.203438	4.89544
6.02	0.252118	4.83848
6.03	0.300167	4.76943
6.04	0.347467	4.68846
6.05	0.393898	4.59577
6.06	0.439344	4.49159
6.07	0.483692	4.37619
6.08	0.526831	4.24985
6.09	0.568654	4.11288
6.1	0.609055	3.96564
6.11	0.647933	3.80848
6.12	0.685193	3.64181
6.13	0.720739	3.46603
6.14	0.754484	3.28159
6.15	0.786344	3.08895
6.16	0.816238	2.88858
6.17	0.844091	2.681
6.18	0.869835	2.46671
6.19	0.893405	2.24626
6.2	0.914742	2.0202
6.21	0.933792	1.78908
6.22	0.950508	1.55349
6.23	0.964849	1.31402
6.24	0.976778	1.07127
6.25	0.986265	0.825839
6.26	0.993288	0.578343
6.27	0.997827	0.329402
6.28	0.999873	0.0796375
6.29	0.99942	-0.170326
6.3	0.996468	-0.419864
6.31	0.991026	-0.668353
6.32	0.983106	-0.91517
6.33	0.97273	-1.1597
6.34	0.959922	-1.40133
6.35	0.944715	-1.63946
6.36	0.927147	-1.87349
6.37	0.907261	-2.10284
6.38	0.885107	-2.32693
6.39	0.860741	-2.54521
6.4	0.834224	-2.75713
6.41	0.805622	-2.96215
6.42	0.775006	-3.15977
6.43	0.742453	-3.34949
6.44	0.708044	-3.53084
6.45	0.671865	-3.70337
6.46	0.634008	-3.86663
6.47	0.594565	-4.02024
6.48	0.553636	-4.16379
6.49	0.511324	-4.29694
6.5	0.467733	-4.41935
6.51	0.422974	-4.53071
6.52	0.377157	-4.63075
6.53	0.330397	-4.71921
6.54	0.282812	-4.79588
6.55	0.23452	-4.86056
6.56	0.185641	-4.91309
6.57	0.136299	-4.95334
6.58	0.0866159	-4.98121
6.59	0.0367163	-4.99663
6.6	-0.013275	-4.99956
6.61	-0.0632332	-4.98999
6.62	-0.113033	-4.96796
6.63	-0.162551	-4.9335
6.64	-0.211662	-4.88671
6.65	-0.260244	-4.82771
6.66	-0.308176	-4.75665
6.67	-0.355338	-4.67369
6.68	-0.401611	-4.57905
6.69	-0.446881	-4.47297
6.7	-0.491033	-4.3557
6.71	-0.533958	-4.22755
6.72	-0.575549	-4.08884
6.73	-0.615701	-3.9399
6.74	-0.654314	-3.78111
6.75	-0.691292	-3.61288
6.76	-0.726542	-3.43561
6.77	-0.759975	-3.24976
6.78	-0.79151	-3.05578
6.79	-0.821066	-2.85417
6.8	-0.848569	-2.64542
6.81	-0.873952	-2.43006
6.82	-0.89715	-2.20863
6.83	-0.918106	-1.98167
6.84	-0.936767	-1.74977
6.85	-0.953087	-1.51348
6.86	-0.967024	-1.27342
6.87	-0.978545	-1.03017
6.88	-0.987619	-0.784352
6.89	-0.994225	-0.53657
6.9	-0.998346	-0.287446
6.91	-0.999972	-0.0376046
6.92	-0.999098	0.212331
6.93	-0.995727	0.461736
6.94	-0.989867	0.709987
6.95	-0.981533	0.956463
6.96	-0.970746	1.20055
6.97	-0.957532	1.44163
6.98	-0.941925	1.67912
6.99	-0.923964	1.9124
7	-0.903693	2.1409
7.01	-0.881163	2.36406
7.02	-0.856431	2.5813
7.03	-0.829559	2.7921
7.04	-0.800613	2.99591
7.05	-0.769666	3.19224
7.06	-0.736795	3.38058
7.07	-0.702082	3.56048
7.08	-0.665615	3.73148
7.09	-0.627484	3.89315
7.1	-0.587784	4.04509
7.11	-0.546616	4.18692
7.12	-0.504081	4.31828
7.13	-0.460286	4.43885
7.14	-0.415341	4.54833
7.15	-0.369357	4.64644
7.16	-0.322451	4.73293
7.17	-0.274738	4.8076
7.18	-0.226339	4.87024
7.19	-0.177374	4.92072
7.2	-0.127966	4.95889
7.21	-0.0782373	4.98467
7.22	-0.0283136	4.998
7.23	0.0216809	4.99882
7.24	0.0716212	4.98716
7.25	0.121383	4.96303
7.26	0.17084	4.92649
7.27	0.219871	4.87764
7.28	0.268353	4.8166
7.29	0.316163	4.74352
7.3	0.363184	4.65859
7.31	0.409296	4.56201
7.32	0.454386	4.45402
7.33	0.49834	4.33491
7.34	0.541048	4.20496
7.35	0.582404	4.0645
7.36	0.622304	3.91388
7.37	0.660649	3.75348
7.38	0.697342	3.58369
7.39	0.732293	3.40495
7.4	0.765413	3.2177
7.41	0.79662	3.0224
7.42	0.825836	2.81955
7.43	0.852987	2.60966
7.44	0.878007	2.39324
7.45	0.900832	2.17084
7.46	0.921406	1.94301
7.47	0.939676	1.71033
7.48	0.955598	1.47337
7.49	0.969131	1.23273
7.5	0.980242	0.989003
7.51	0.988903	0.742809
7.52	0.995092	0.494758
7.53	0.998794	0.24547
7.54	1	-0.00443097
7.55	0.998705	-0.254321
7.56	0.994915	-0.503576
7.57	0.988638	-0.751571
7.58	0.97989	-0.997689
7.59	0.968693	-1.24131
7.6	0.955074	-1.48183
7.61	0.939068	-1.71865
7.62	0.920715	-1.95117
7.63	0.900061	-2.17882
7.64	0.877157	-2.40101
7.65	0.852061	-2.61721
7.66	0.824835	-2.82687
7.67	0.795547	-3.02946
7.68	0.764271	-3.22448
7.69	0.731084	-3.41143
7.7	0.696071	-3.58987
7.71	0.659317	-3.75932
7.72	0.620916	-3.91939
7.73	0.580962	-4.06965
7.74	0.539556	-4.20975
7.75	0.496802	-4.33932
7.76	0.452806	-4.45804
7.77	0.407678	-4.56563
7.78	0.361532	-4.6618
7.79	0.314481	-4.74632
7.8	0.266645	-4.81897
7.81	0.218142	-4.87958
7.82	0.169094	-4.928
7.83	0.119623	-4.9641
7.84	0.0698533	-4.98779
7.85	0.0199089	-4.99901
7.86	-0.0300852	-4.99774
7.87	-0.0800042	-4.98397
7.88	-0.129723	-4.95775
7.89	-0.179118	-4.91914
7.9	-0.228065	-4.86823
7.91	-0.276442	-4.80515
7.92	-0.324128	-4.73007
7.93	-0.371004	-4.64316
7.94	-0.416952	-4.54464
7.95	-0.461859	-4.43477
7.96	-0.505611	-4.31381
7.97	-0.548099	-4.18207
7.98	-0.589217	-4.03987
7.99	-0.628863	-3.88758
8	-0.666936	-3.72557
8.01	-0.703343	-3.55425
8.02	-0.737992	-3.37405
8.03	-0.770796	-3.18541
8.04	-0.801674	-2.98881
8.05	-0.830547	-2.78474
8.06	-0.857345	-2.57371
8.07	-0.882	-2.35625
8.08	-0.90445	-2.13289
8.09	-0.92464	-1.90421
8.1	-0.942519	-1.67077
8.11	-0.958041	-1.43315
8.12	-0.97117	-1.19194
8.13	-0.98187	-0.947764
8.14	-0.990117	-0.701214
8.15	-0.995889	-0.452911
8.16	-0.999172	-0.203477
8.17	-0.999957	0.0464662
8.18	-0.998243	0.296293
8.19	-0.994033	0.54538
8.2	-0.98734	0.793103
8.21	-0.978178	1.03884
8.22	-0.966571	1.28199
8.23	-0.952549	1.52193
8.24	-0.936145	1.75806
8.25	-0.917402	1.98981
8.26	-0.896366	2.21657
8.27	-0.873089	2.4378
8.28	-0.84763	2.65294
8.29	-0.820053	2.86144
8.3	-0.790425	3.06279
8.31	-0.758822	3.25649
8.32	-0.725323	3.44204
8.33	-0.69001	3.619
8.34	-0.652973	3.78691
8.35	-0.614303	3.94535
8.36	-0.574099	4.09393
8.37	-0.532459	4.23228
8.38	-0.489488	4.36005
8.39	-0.445294	4.47692
8.4	-0.399987	4.5826
8.41	-0.35368	4.67683
8.42	-0.30649	4.75937
8.43	-0.258533	4.83001
8.44	-0.20993	4.88858
8.45	-0.160802	4.93493
8.46	-0.111272	4.96895
8.47	-0.0614643	4.99055
8.48	-0.0115028	4.99967
8.49	0.0384875	4.99629
8.5	0.0883815	4.98043
8.51	0.138055	4.95212
8.52	0.187383	4.91143
8.53	0.236242	4.85847
8.54	0.284512	4.79336
8.55	0.33207	4.71627
8.56	0.378798	4.6274
8.57	0.424579	4.52695
8.58	0.469299	4.4152
8.59	0.512846	4.2924
8.6	0.555111	4.15888
8.61	0.595989	4.01496
8.62	0.635377	3.86101
8.63	0.673177	3.69741
8.64	0.709294	3.52456
8.65	0.743639	3.34291
8.66	0.776125	3.1529
8.67	0.806671	2.95501
8.68	0.8352	2.74973
8.69	0.861642	2.53758
8.7	0.885931	2.31909
8.71	0.908005	2.0948
8.72	0.927809	1.86527
8.73	0.945295	1.63109
8.74	0.960417	1.39282
8.75	0.97314	1.15108
8.76	0.983429	0.906457
8.77	0.991261	0.659569
8.78	0.996615	0.411033
8.79	0.999478	0.161469
8.8	0.999843	-0.0884982
8.81	0.997709	-0.338244
8.82	0.993081	-0.587145
8.83	0.985971	-0.834578
8.84	0.976397	-1.07992
8.85	0.964382	-1.32257
8.86	0.949956	-1.56191
8.87	0.933156	-1.79735
8.88	0.914024	-2.0283
8.89	0.892607	-2.25417
8.9	0.868959	-2.47442
8.91	0.84314	-2.68847
8.92	0.815212	-2.89581
8.93	0.785247	-3.09591
8.94	0.75332	-3.28827
8.95	0.719509	-3.47241
8.96	0.683901	-3.64788
8.97	0.646582	-3.81422
8.98	0.607648	-3.97103
8.99	0.567195	-4.11792
9	0.525324	-4.25451
9.01	0.48214	-4.38047
9.02	0.437751	-4.49548
9.03	0.392268	-4.59925
9.04	0.345804	-4.69153
9.05	0.298476	-4.77208
9.06	0.250402	-4.84071
9.07	0.201702	-4.89723
9.08	0.152498	-4.94152
9.09	0.102913	-4.97345
9.1	0.0530709	-4.99295
9.11	0.00309584	-4.99998
9.12	-0.0468869	-4.9945
9.13	-0.0967525	-4.97654
9.14	-0.146376	-4.94614
9.15	-0.195634	-4.90338
9.16	-0.244403	-4.84837
9.17	-0.292561	-4.78123
9.18	-0.339988	-4.70215
9.19	-0.386565	-4.61131
9.2	-0.432176	-4.50895
9.21	-0.476706	-4.39531
9.22	-0.520045	-4.27069
9.23	-0.562085	-4.1354
9.24	-0.602719	-3.98977
9.25	-0.641847	-3.83416
9.26	-0.67937	-3.66898
9.27	-0.715196	-3.49462
9.28	-0.749233	-3.31153
9.29	-0.781399	-3.12016
9.3	-0.811611	-2.92099
9.31	-0.839794	-2.71452
9.32	-0.865879	-2.50127
9.33	-0.889799	-2.28176
9.34	-0.911495	-2.05656
9.35	-0.930913	-1.82621
9.36	-0.948004	-1.59129
9.37	-0.962725	-1.3524
9.38	-0.975041	-1.11013
9.39	-0.984919	-0.865086
9.4	-0.992335	-0.617878
9.41	-0.997271	-0.369125
9.42	-0.999714	-0.11945
9.43	-0.999659	0.130524
9.44	-0.997105	0.380171
9.45	-0.992059	0.628869
9.46	-0.984533	0.875994
9.47	-0.974546	1.12093
9.48	-0.962124	1.36306
9.49	-0.947296	1.60179
9.5	-0.930101	1.83652
9.51	-0.910581	2.06665
9.52	-0.888785	2.29162
9.53	-0.864768	2.51086
9.54	-0.838589	2.72382
9.55	-0.810314	2.92998
9.56	-0.780014	3.12881
9.57	-0.747764	3.31982
9.58	-0.713645	3.50253
9.59	-0.677743	3.67649
9.6	-0.640146	3.84126
9.61	-0.60095	3.99643
9.62	-0.560251	4.14161
9.63	-0.518152	4.27644
9.64	-0.474758	4.40058
9.65	-0.430177	4.51372
9.66	-0.384521	4.61558
9.67	-0.337904	4.7059
9.68	-0.290442	4.78446
9.69	-0.242254	4.85106
9.7	-0.193461	4.90554
9.71	-0.144184	4.94775
9.72	-0.0945472	4.9776
9.73	-0.0446738	4.99501
9.74	0.00531131	4.99993
9.75	0.0552831	4.99235
9.76	0.105117	4.9723
9.77	0.154688	4.93982
9.78	0.203872	4.89499
9.79	0.252547	4.83792
9.8	0.30059	4.76877
9.81	0.347882	4.68769
9.82	0.394305	4.5949
9.83	0.439742	4.49062
9.84	0.48408	4.37512
9.85	0.527208	4.24868
9.86	0.569018	4.11162
9.87	0.609406	3.96429
9.88	0.648271	3.80705
9.89	0.685515	3.64029
9.9	0.721046	3.46443
9.91	0.754775	3.27992
9.92	0.786617	3.0872
9.93	0.816493	2.88677
9.94	0.844329	2.67913
9.95	0.870054	2.46478
9.96	0.893604	2.24428
9.97	0.914921	2.01817
9.98	0.93395	1.78701
9.99	0.950646	1.55139
10	0.964965	1.31189
10.01	0.976873	1.06911
10.02	0.986338	0.823654
10.03	0.993339	0.576143
10.04	0.997857	0.327191
10.05	0.99988	0.0774223
10.06	0.999404	-0.17254
10.07	0.996431	-0.422072
10.08	0.990966	-0.670548
10.09	0.983025	-0.917348
10.1	0.972627	-1.16186
10.11	0.959798	-1.40346
10.12	0.94457	-1.64155
10.13	0.92698	-1.87555
10.14	0.907074	-2.10485
10.15	0.884901	-2.3289
10.16	0.860516	-2.54712
10.17	0.83398	-2.75897
10.18	0.805359	-2.96393
10.19	0.774726	-3.16149
10.2	0.742156	-3.35114
10.21	0.707731	-3.53241
10.22	0.671537	-3.70485
10.23	0.633665	-3.86804
10.24	0.594209	-4.02155
10.25	0.553267	-4.16502
10.26	0.510943	-4.29807
10.27	0.467342	-4.42038
10.28	0.422572	-4.53165
10.29	0.376746	-4.63158
10.3	0.329979	-4.71994
10.31	0.282387	-4.7965
10.32	0.234089	-4.86108
10.33	0.185206	-4.9135
10.34	0.13586	-4.95364
10.35	0.0861745	-4.9814
10.36	0.0362735	-4.99671
10.37	-0.0137181	-4.99953
10.38	-0.0636754	-4.98985
10.39	-0.113474	-4.9677
10.4	-0.162988	-4.93314
10.41	-0.212095	-4.88624
10.42	-0.260672	-4.82714
10.43	-0.308598	-4.75596
10.44	-0.355752	-4.6729
10.45	-0.402017	-4.57816
10.46	-0.447277	-4.47198
10.47	-0.491419	-4.35462
10.48	-0.534333	-4.22637
10.49	-0.575911	-4.08756
10.5	-0.61605	-3.93853
10.51	-0.654649	-3.77966
10.52	-0.691612	-3.61135
10.53	-0.726846	-3.434
10.54	-0.760263	-3.24807
10.55	-0.79178	-3.05403
10.56	-0.821318	-2.85235
10.57	-0.848804	-2.64354
10.58	-0.874167	-2.42812
10.59	-0.897346	-2.20664
10.6	-0.918282	-1.97964
10.61	-0.936922	-1.74769
10.62	-0.953221	-1.51137
10.63	-0.967137	-1.27128
10.64	-0.978636	-1.02801
10.65	-0.987689	-0.782164
10.66	-0.994273	-0.534367
10.67	-0.998371	-0.285234
10.68	-0.999975	-0.0353891
10.69	-0.999079	0.214545
10.7	-0.995686	0.463942
10.71	-0.989804	0.71218
10.72	-0.981448	0.958638
10.73	-0.970639	1.2027
10.74	-0.957404	1.44376
10.75	-0.941776	1.6812
10.76	-0.923794	1.91445
10.77	-0.903503	2.14291
10.78	-0.880954	2.36601
10.79	-0.856203	2.5832
10.8	-0.829311	2.79393
10.81	-0.800347	2.99768
10.82	-0.769383	3.19394
10.83	-0.736495	3.38221
10.84	-0.701767	3.56203
10.85	-0.665284	3.73295
10.86	-0.627139	3.89454
10.87	-0.587426	4.04639
10.88	-0.546245	4.18813
10.89	-0.503698	4.3194
10.9	-0.459893	4.43987
10.91	-0.414938	4.54925
10.92	-0.368946	4.64725
10.93	-0.322031	4.73364
10.94	-0.274312	4.8082
10.95	-0.225907	4.87074
10.96	-0.176938	4.92111
10.97	-0.127526	4.95918
10.98	-0.0777956	4.98485
10.99	-0.0278707	4.99806
11	0.0221239	4.99878
11.01	0.0720632	4.987
11.02	0.121822	4.96276
11.03	0.171277	4.92611
11.04	0.220304	4.87716
11.05	0.268779	4.81601
11.06	0.316584	4.74282
11.07	0.363596	4.65778
11.08	0.4097	4.5611
11.09	0.45478	4.45302
11.1	0.498724	4.3338
11.11	0.54142	4.20376
11.12	0.582764	4.06321
11.13	0.622651	3.9125
11.14	0.660981	3.75201
11.15	0.69766	3.58215
11.16	0.732594	3.40333
11.17	0.765698	3.216
11.18	0.796887	3.02064
11.19	0.826085	2.81772
11.2	0.853218	2.60777
11.21	0.878219	2.39129
11.22	0.901024	2.16884
11.23	0.921578	1.94097
11.24	0.939828	1.70824
11.25	0.955728	1.47125
11.26	0.96924	1.23058
11.27	0.98033	0.986832
11.28	0.988969	0.740618
11.29	0.995136	0.492553
11.3	0.998816	0.243257
11.31	0.999999	-0.00664646
11.32	0.998683	-0.256534
11.33	0.99487	-0.50578
11.34	0.988571	-0.753762
11.35	0.979802	-0.99986
11.36	0.968583	-1.24346
11.37	0.954943	-1.48395
11.38	0.938916	-1.72073
11.39	0.920542	-1.95321
11.4	0.899868	-2.18081
11.41	0.876944	-2.40296
11.42	0.851829	-2.6191
11.43	0.824584	-2.82869
11.44	0.795279	-3.03122
11.45	0.763985	-3.22617
11.46	0.730782	-3.41305
11.47	0.695752	-3.59141
11.48	0.658984	-3.76078
11.49	0.620568	-3.92076
11.5	0.580601	-4.07094
11.51	0.539183	-4.21094
11.52	0.496418	-4.34042
11.53	0.452411	-4.45905
11.54	0.407274	-4.56653
11.55	0.361118	-4.6626
11.56	0.314061	-4.74701
11.57	0.266218	-4.81956
11.58	0.21771	-4.88007
11.59	0.168657	-4.92837
11.6	0.119183	-4.96436
11.61	0.0694112	-4.98794
11.62	0.0194659	-4.99905
11.63	-0.0305281	-4.99767
11.64	-0.0804458	-4.98379
11.65	-0.130162	-4.95746
11.66	-0.179554	-4.91874
11.67	-0.228496	-4.86772
11.68	-0.276868	-4.80454
11.69	-0.324547	-4.72935
11.7	-0.371415	-4.64233
11.71	-0.417355	-4.54372
11.72	-0.462252	-4.43374
11.73	-0.505993	-4.31269
11.74	-0.54847	-4.18085
11.75	-0.589575	-4.03857
11.76	-0.629207	-3.88619
11.77	-0.667267	-3.72409
11.78	-0.703658	-3.55269
11.79	-0.738291	-3.37241
11.8	-0.771078	-3.1837
11.81	-0.801938	-2.98703
11.82	-0.830794	-2.7829
11.83	-0.857573	-2.57181
11.84	-0.882209	-2.35429
11.85	-0.904639	-2.13089
11.86	-0.924809	-1.90216
11.87	-0.942667	-1.66868
11.88	-0.958168	-1.43102
11.89	-0.971275	-1.18979
11.9	-0.981954	-0.945588
11.91	-0.990179	-0.69902
11.92	-0.995929	-0.450705
11.93	-0.999189	-0.201263
11.94	-0.999952	0.0486816
11.95	-0.998216	0.298505
11.96	-0.993985	0.547582
11.97	-0.987269	0.79529
11.98	-0.978086	1.04101
11.99	-0.966458	1.28413
12	-0.952414	1.52404
12.01	-0.93599	1.76014
12.02	-0.917226	1.99184
12.03	-0.896169	2.21856
12.04	-0.872873	2.43974
12.05	-0.847395	2.65481
12.06	-0.819799	2.86326
12.07	-0.790154	3.06454
12.08	-0.758534	3.25817
12.09	-0.725017	3.44365
12.1	-0.689689	3.62053
12.11	-0.652637	3.78835
12.12	-0.613954	3.94671
12.13	-0.573736	4.0952
12.14	-0.532084	4.23346
12.15	-0.489102	4.36113
12.16	-0.444898	4.47791
12.17	-0.399581	4.58349
12.18	-0.353266	4.67761
12.19	-0.306068	4.76005
12.2	-0.258105	4.83058
12.21	-0.209496	4.88905
12.22	-0.160364	4.93529
12.23	-0.110832	4.9692
12.24	-0.061022	4.99068
12.25	-0.0110597	4.99969
12.26	0.0389302	4.99621
12.27	0.0888228	4.98024
12.28	0.138493	4.95182
12.29	0.187818	4.91102
12.3	0.236673	4.85795
12.31	0.284936	4.79273
12.32	0.332488	4.71554
12.33	0.379208	4.62656
12.34	0.42498	4.52601
12.35	0.46969	4.41416
12.36	0.513226	4.29127
12.37	0.55548	4.15765
12.38	0.596345	4.01364
12.39	0.635719	3.8596
12.4	0.673505	3.69591
12.41	0.709607	3.52299
12.42	0.743935	3.34126
12.43	0.776404	3.15118
12.44	0.806932	2.95322
12.45	0.835444	2.74788
12.46	0.861867	2.53567
12.47	0.886136	2.31712
12.48	0.90819	2.09279
12.49	0.927974	1.86322
12.5	0.945439	1.62899
12.51	0.960541	1.3907
12.52	0.973241	1.14892
12.53	0.98351	0.904278
12.54	0.991319	0.657373
12.55	0.996652	0.408825
12.56	0.999492	0.159255
12.57	0.999835	-0.0907133
12.58	0.997679	-0.340455
12.59	0.993029	-0.589345
12.6	0.985897	-0.836762
12.61	0.976301	-1.08209
12.62	0.964264	-1.32471
12.63	0.949818	-1.56402
12.64	0.932997	-1.79942
12.65	0.913844	-2.03032
12.66	0.892407	-2.25615
12.67	0.86874	-2.47634
12.68	0.842901	-2.69034
12.69	0.814956	-2.89762
12.7	0.784973	-3.09765
12.71	0.753028	-3.28994
12.72	0.719202	-3.47401
12.73	0.683577	-3.64939
12.74	0.646244	-3.81565
12.75	0.607296	-3.97238
12.76	0.56683	-4.11917
12.77	0.524947	-4.25567
12.78	0.481752	-4.38154
12.79	0.437353	-4.49645
12.8	0.39186	-4.60012
12.81	0.345388	-4.6923
12.82	0.298053	-4.77275
12.83	0.249973	-4.84126
12.84	0.201268	-4.89768
12.85	0.152061	-4.94186
12.86	0.102473	-4.97368
12.87	0.0526284	-4.99307
12.88	0.00265275	-4.99998
12.89	-0.0473296	-4.9944
12.9	-0.0971936	-4.97633
12.91	-0.146815	-4.94582
12.92	-0.196069	-4.90295
12.93	-0.244833	-4.84783
12.94	-0.292985	-4.78058
12.95	-0.340405	-4.70139
12.96	-0.386974	-4.61045
12.97	-0.432575	-4.50799
12.98	-0.477096	-4.39426
12.99	-0.520424	-4.26954
13	-0.562451	-4.13415
13.01	-0.603072	-3.98843
13.02	-0.642186	-3.83274
13.03	-0.679695	-3.66747
13.04	-0.715505	-3.49304
13.05	-0.749527	-3.30987
13.06	-0.781675	-3.11843
13.07	-0.811869	-2.91919
13.08	-0.840035	-2.71266
13.09	-0.8661	-2.49935
13.1	-0.890001	-2.27979
13.11	-0.911677	-2.05454
13.12	-0.931074	-1.82414
13.13	-0.948145	-1.58919
13.14	-0.962845	-1.35027
13.15	-0.975139	-1.10797
13.16	-0.984995	-0.862904
13.17	-0.99239	-0.615679
13.18	-0.997304	-0.366916
13.19	-0.999725	-0.117235
13.2	-0.999647	0.132739
13.21	-0.997071	0.38238
13.22	-0.992003	0.631066
13.23	-0.984455	0.878175
13.24	-0.974447	1.12309
13.25	-0.962003	1.3652
13.26	-0.947154	1.60389
13.27	-0.929938	1.83858
13.28	-0.910398	2.06867
13.29	-0.888582	2.29358
13.3	-0.864545	2.51277
13.31	-0.838348	2.72568
13.32	-0.810055	2.93177
13.33	-0.779737	3.13054
13.34	-0.74747	3.32148
13.35	-0.713335	3.50412
13.36	-0.677417	3.678
13.37	-0.639806	3.84268
13.38	-0.600595	3.99777
13.39	-0.559884	4.14286
13.4	-0.517773	4.27759
13.41	-0.474368	4.40163
13.42	-0.429777	4.51468
13.43	-0.384112	4.61643
13.44	-0.337487	4.70665
13.45	-0.290018	4.78511
13.46	-0.241824	4.8516
13.47	-0.193026	4.90597
13.48	-0.143746	4.94807
13.49	-0.0941061	4.97781
13.5	-0.0442311	4.99511
13.51	0.0057544	4.99992
13.52	0.0557255	4.99223
13.53	0.105557	4.97207
13.54	0.155125	4.93947
13.55	0.204306	4.89453
13.56	0.252975	4.83736
13.57	0.301013	4.7681
13.58	0.348298	4.68692
13.59	0.394712	4.59402
13.6	0.44014	4.48965
13.61	0.484467	4.37405
13.62	0.527584	4.24751
13.63	0.569382	4.11036
13.64	0.609757	3.96294
13.65	0.648608	3.80561
13.66	0.685838	3.63877
13.67	0.721353	3.46284
13.68	0.755066	3.27824
13.69	0.786891	3.08546
13.7	0.816749	2.88496
13.71	0.844566	2.67726
13.72	0.870272	2.46286
13.73	0.893803	2.2423
13.74	0.915099	2.01614
13.75	0.934109	1.78494
13.76	0.950783	1.54928
13.77	0.965081	1.30975
13.78	0.976967	1.06694
13.79	0.986411	0.821469
13.8	0.99339	0.573942
13.81	0.997885	0.324981
13.82	0.999887	0.075207
13.83	0.999389	-0.174754
13.84	0.996393	-0.424279
13.85	0.990907	-0.672743
13.86	0.982944	-0.919526
13.87	0.972524	-1.16401
13.88	0.959673	-1.40559
13.89	0.944424	-1.64365
13.9	0.926814	-1.8776
13.91	0.906888	-2.10686
13.92	0.884694	-2.33086
13.93	0.86029	-2.54902
13.94	0.833735	-2.76082
13.95	0.805096	-2.96572
13.96	0.774446	-3.1632
13.97	0.741859	-3.35278
13.98	0.707418	-3.53398
13.99	0.671209	-3.70634
14	0.633322	-3.86944
14.01	0.593852	-4.02287
14.02	0.552898	-4.16624
14.03	0.510562	-4.2992
14.04	0.46695	-4.42142
14.05	0.42217	-4.53258
14.06	0.376336	-4.63242
14.07	0.329561	-4.72067
14.08	0.281962	-4.79713
14.09	0.233658	-4.86159
14.1	0.184771	-4.91391
14.11	0.135421	-4.95394
14.12	0.085733	-4.98159
14.13	0.0358307	-4.99679
14.14	-0.0141611	-4.9995
14.15	-0.0641176	-4.98971
14.16	-0.113914	-4.96745
14.17	-0.163425	-4.93278
14.18	-0.212528	-4.88577
14.19	-0.2611	-4.82656
14.2	-0.309019	-4.75528
14.21	-0.356166	-4.67211
14.22	-0.402422	-4.57727
14.23	-0.447673	-4.47099
14.24	-0.491805	-4.35353
14.25	-0.534707	-4.22519
14.26	-0.576273	-4.08628
14.27	-0.616399	-3.93717
14.28	-0.654984	-3.77821
14.29	-0.691932	-3.60981
14.3	-0.72715	-3.43239
14.31	-0.760551	-3.24639
14.32	-0.792051	-3.05227
14.33	-0.821571	-2.85053
14.34	-0.849038	-2.64166
14.35	-0.874382	-2.42619
14.36	-0.897541	-2.20465
14.37	-0.918457	-1.9776
14.38	-0.937077	-1.74561
14.39	-0.953355	-1.50926
14.4	-0.967249	-1.26913
14.41	-0.978727	-1.02584
14.42	-0.987758	-0.779975
14.43	-0.99432	-0.532164
14.44	-0.998397	-0.283023
14.45	-0.999978	-0.0331737
14.46	-0.99906	0.216758
14.47	-0.995644	0.466148
14.48	-0.989741	0.714373
14.49	-0.981363	0.960812
14.5	-0.970532	1.20485
14.51	-0.957276	1.44588
14.52	-0.941627	1.68329
14.53	-0.923624	1.91649
14.54	-0.903313	2.14491
14.55	-0.880744	2.36796
14.56	-0.855974	2.5851
14.57	-0.829064	2.79577
14.58	-0.800081	2.99946
14.59	-0.769099	3.19564
14.6	-0.736195	3.38385
14.61	-0.701451	3.56359
14.62	-0.664953	3.73442
14.63	-0.626793	3.89593
14.64	-0.587067	4.04769
14.65	-0.545873	4.18934
14.66	-0.503315	4.32051
14.67	-0.459499	4.44089
14.68	-0.414534	4.55017
14.69	-0.368534	4.64807
14.7	-0.321612	4.73436
14.71	-0.273886	4.80881
14.72	-0.225476	4.87124
14.73	-0.176502	4.9215
14.74	-0.127087	4.95946
14.75	-0.0773538	4.98502
14.76	-0.0274278	4.99812
14.77	0.0225669	4.99873
14.78	0.0725051	4.98684
14.79	0.122262	4.96249
14.8	0.171714	4.92573
14.81	0.220736	4.87667
14.82	0.269206	4.81541
14.83	0.317004	4.74212
14.84	0.364009	4.65698
14.85	0.410105	4.56019
14.86	0.455175	4.45201
14.87	0.499108	4.3327
14.88	0.541793	4.20256
14.89	0.583124	4.06192
14.9	0.622997	3.91112
14.91	0.661314	3.75055
14.92	0.697977	3.5806
14.93	0.732896	3.4017
14.94	0.765983	3.2143
14.95	0.797155	3.01887
14.96	0.826335	2.81589
14.97	0.853449	2.60588
14.98	0.878431	2.38935
14.99	0.901216	2.16684
15	0.92175	1.93893
15.01	0.939979	1.70616
15.02	0.955859	1.46913
15.03	0.969349	1.22843
15.04	0.980417	0.98466
15.05	0.989034	0.738427
15.06	0.995179	0.490349
15.07	0.998837	0.241045
15.08	0.999998	-0.00886195
15.09	0.99866	-0.258746
15.1	0.994825	-0.507984
15.11	0.988505	-0.755952
15.12	0.979713	-1.00203
15.13	0.968472	-1.2456
15.14	0.954811	-1.48606
15.15	0.938763	-1.72281
15.16	0.920369	-1.95525
15.17	0.899675	-2.1828
15.18	0.876731	-2.4049
15.19	0.851597	-2.62099
15.2	0.824333	-2.83052
15.21	0.79501	-3.03298
15.22	0.763699	-3.22786
15.23	0.730479	-3.41467
15.24	0.695434	-3.59295
15.25	0.65865	-3.76224
15.26	0.620221	-3.92214
15.27	0.58024	-4.07223
15.28	0.53881	-4.21214
15.29	0.496033	-4.34152
15.3	0.452016	-4.46005
15.31	0.406869	-4.56743
15.32	0.360705	-4.6634
15.33	0.31364	-4.74771
15.34	0.265791	-4.82015
15.35	0.217277	-4.88055
15.36	0.16822	-4.92875
15.37	0.118743	-4.96462
15.38	0.0689692	-4.98809
15.39	0.0190229	-4.99909
15.4	-0.030971	-4.9976
15.41	-0.0808875	-4.98362
15.42	-0.130602	-4.95717
15.43	-0.17999	-4.91834
15.44	-0.228928	-4.86722
15.45	-0.277293	-4.80393
15.46	-0.324966	-4.72863
15.47	-0.371827	-4.64151
15.48	-0.417758	-4.54279
15.49	-0.462645	-4.43272
15.5	-0.506375	-4.31157
15.51	-0.54884	-4.17964
15.52	-0.589933	-4.03726
15.53	-0.629551	-3.88479
15.54	-0.667596	-3.72262
15.55	-0.703973	-3.55113
15.56	-0.73859	-3.37078
15.57	-0.77136	-3.18199
15.58	-0.802203	-2.98526
15.59	-0.83104	-2.78106
15.6	-0.857801	-2.56991
15.61	-0.882417	-2.35234
15.62	-0.904828	-2.12888
15.63	-0.924977	-1.90011
15.64	-0.942814	-1.66659
15.65	-0.958295	-1.4289
15.66	-0.97138	-1.18764
15.67	-0.982038	-0.943413
15.68	-0.990241	-0.696826
15.69	-0.995969	-0.448498
15.7	-0.999207	-0.199049
15.71	-0.999948	0.050897
15.72	-0.99819	0.300716
15.73	-0.993936	0.549784
15.74	-0.987198	0.797477
15.75	-0.977993	1.04318
15.76	-0.966344	1.28627
15.77	-0.952279	1.52615
15.78	-0.935833	1.76221
15.79	-0.917049	1.99387
15.8	-0.895973	2.22054
15.81	-0.872657	2.44167
15.82	-0.84716	2.65669
15.83	-0.819545	2.86507
15.84	-0.789882	3.06629
15.85	-0.758245	3.25985
15.86	-0.724712	3.44526
15.87	-0.689368	3.62205
15.88	-0.652301	3.7898
15.89	-0.613604	3.94807
15.9	-0.573373	4.09647
15.91	-0.531709	4.23464
15.92	-0.488715	4.36222
15.93	-0.444501	4.47889
15.94	-0.399175	4.58437
15.95	-0.352851	4.6784
15.96	-0.305646	4.76073
15.97	-0.257677	4.83116
15.98	-0.209063	4.88951
15.99	-0.159927	4.93564
16	-0.110391	4.96944
16.01	-0.0605797	4.99082
16.02	-0.0106166	4.99972
16.03	0.039373	4.99612
16.04	0.0892642	4.98004
16.05	0.138932	4.95151
16.06	0.188253	4.9106
16.07	0.237103	4.85742
16.08	0.285361	4.7921
16.09	0.332905	4.7148
16.1	0.379618	4.62572
16.11	0.425381	4.52507
16.12	0.470081	4.41311
16.13	0.513607	4.29013
16.14	0.555848	4.15642
16.15	0.5967	4.01232
16.16	0.636061	3.85819
16.17	0.673832	3.69442
16.18	0.709919	3.52142
16.19	0.744231	3.33961
16.2	0.776683	3.14946
16.21	0.807194	2.95143
16.22	0.835687	2.74603
16.23	0.862092	2.53376
16.24	0.886341	2.31516
16.25	0.908376	2.09077
16.26	0.928139	1.86116
16.27	0.945583	1.6269
16.28	0.960664	1.38857
16.29	0.973343	1.14677
16.3	0.98359	0.902099
16.31	0.991378	0.655177
16.32	0.996688	0.406617
16.33	0.999506	0.15704
16.34	0.999827	-0.0929284
16.35	0.997649	-0.342665
16.36	0.992977	-0.591545
16.37	0.985823	-0.838946
16.38	0.976205	-1.08425
16.39	0.964147	-1.32685
16.4	0.949679	-1.56612
16.41	0.932837	-1.80149
16.42	0.913664	-2.03235
16.43	0.892207	-2.25813
16.44	0.86852	-2.47827
16.45	0.842663	-2.69221
16.46	0.814699	-2.89942
16.47	0.784698	-3.09939
16.48	0.752737	-3.29161
16.49	0.718894	-3.4756
16.5	0.683254	-3.6509
16.51	0.645906	-3.81708
16.52	0.606944	-3.97372
16.53	0.566465	-4.12043
16.54	0.52457	-4.25684
16.55	0.481363	-4.3826
16.56	0.436954	-4.49742
16.57	0.391453	-4.60099
16.58	0.344973	-4.69306
16.59	0.29763	-4.7734
16.6	0.249544	-4.84182
16.61	0.200834	-4.89813
16.62	0.151623	-4.94219
16.63	0.102032	-4.9739
16.64	0.0521859	-4.99319
16.65	0.00220965	-4.99999
16.66	-0.0477721	-4.99429
16.67	-0.0976345	-4.97611
16.68	-0.147253	-4.94549
16.69	-0.196503	-4.90251
16.7	-0.245262	-4.84728
16.71	-0.293408	-4.77993
16.72	-0.340821	-4.70064
16.73	-0.387382	-4.6096
16.74	-0.432975	-4.50703
16.75	-0.477485	-4.3932
16.76	-0.520802	-4.26839
16.77	-0.562817	-4.13291
16.78	-0.603426	-3.98709
16.79	-0.642526	-3.83132
16.8	-0.68002	-3.66597
16.81	-0.715815	-3.49145
16.82	-0.74982	-3.30821
16.83	-0.781951	-3.1167
16.84	-0.812128	-2.91739
16.85	-0.840275	-2.7108
16.86	-0.866321	-2.49743
16.87	-0.890203	-2.27782
16.88	-0.911859	-2.05252
16.89	-0.931236	-1.82208
16.9	-0.948285	-1.58709
16.91	-0.962965	-1.34814
16.92	-0.975237	-1.10581
16.93	-0.985072	-0.860721
16.94	-0.992444	-0.61348
16.95	-0.997336	-0.364706
16.96	-0.999735	-0.11502
16.97	-0.999636	0.134953
16.98	-0.997037	0.384589
16.99	-0.991947	0.633264
17	-0.984377	0.880356
17.01	-0.974347	1.12525
17.02	-0.961882	1.36733
17.03	-0.947012	1.60599
17.04	-0.929775	1.84064
17.05	-0.910215	2.07068
17.06	-0.888379	2.29555
17.07	-0.864323	2.51469
17.08	-0.838106	2.72753
17.09	-0.809795	2.93356
17.1	-0.779459	3.13226
17.11	-0.747176	3.32313
17.12	-0.713024	3.5057
17.13	-0.677091	3.6795
17.14	-0.639465	3.8441
17.15	-0.600241	3.9991
17.16	-0.559516	4.14409
17.17	-0.517394	4.27874
17.18	-0.473977	4.40268
17.19	-0.429377	4.51563
17.2	-0.383703	4.61728
17.21	-0.337069	4.7074
17.22	-0.289594	4.78575
17.23	-0.241394	4.85213
17.24	-0.192592	4.90639
17.25	-0.143307	4.94839
17.26	-0.0936649	4.97802
17.27	-0.0437885	4.9952
17.28	0.00619749	4.9999
17.29	0.0561679	4.99211
17.3	0.105998	4.97183
17.31	0.155563	4.93913
17.32	0.204739	4.89408
17.33	0.253404	4.8368
17.34	0.301435	4.76743
17.35	0.348713	4.68615
17.36	0.395119	4.59315
17.37	0.440538	4.48867
17.38	0.484855	4.37297
17.39	0.527961	4.24634
17.4	0.569747	4.1091
17.41	0.610108	3.96159
17.42	0.648945	3.80417
17.43	0.68616	3.63725
17.44	0.72166	3.46124
17.45	0.755356	3.27657
17.46	0.787164	3.08372
17.47	0.817005	2.88315
17.48	0.844803	2.67538
17.49	0.87049	2.46093
17.5	0.894001	2.24032
17.51	0.915278	2.01411
17.52	0.934267	1.78287
17.53	0.95092	1.54717
17.54	0.965197	1.30761
17.55	0.977062	1.06478
17.56	0.986484	0.819283
17.57	0.993441	0.571741
17.58	0.997914	0.32277
17.59	0.999893	0.0729918
17.6	0.999373	-0.176969
17.61	0.996355	-0.426487
17.62	0.990847	-0.674939
17.63	0.982862	-0.921704
17.64	0.972421	-1.16617
17.65	0.959549	-1.40771
17.66	0.944278	-1.64574
17.67	0.926648	-1.87965
17.68	0.906701	-2.10887
17.69	0.884488	-2.33282
17.7	0.860064	-2.55093
17.71	0.83349	-2.76267
17.72	0.804834	-2.9675
17.73	0.774165	-3.16492
17.74	0.741562	-3.35442
17.75	0.707105	-3.53554
17.76	0.67088	-3.70783
17.77	0.632979	-3.87084
17.78	0.593496	-4.02419
17.79	0.552529	-4.16747
17.8	0.510181	-4.30033
17.81	0.466558	-4.42245
17.82	0.421769	-4.53352
17.83	0.375925	-4.63325
17.84	0.329142	-4.7214
17.85	0.281537	-4.79775
17.86	0.233227	-4.86211
17.87	0.184335	-4.91432
17.88	0.134982	-4.95424
17.89	0.0852915	-4.98178
17.9	0.0353879	-4.99687
17.91	-0.0146042	-4.99947
17.92	-0.0645598	-4.98957
17.93	-0.114354	-4.9672
17.94	-0.163862	-4.93242
17.95	-0.212961	-4.8853
17.96	-0.261528	-4.82598
17.97	-0.309441	-4.75459
17.98	-0.35658	-4.67132
17.99	-0.402828	-4.57638
18	-0.448069	-4.46999
18.01	-0.492191	-4.35244
18.02	-0.535082	-4.224
18.03	-0.576635	-4.08501
18.04	-0.616748	-3.9358
18.05	-0.655319	-3.77676
18.06	-0.692252	-3.60828
18.07	-0.727454	-3.43078
18.08	-0.760839	-3.2447
18.09	-0.792321	-3.05052
18.1	-0.821824	-2.84871
18.11	-0.849272	-2.63978
18.12	-0.874597	-2.42425
18.13	-0.897737	-2.20266
18.14	-0.918632	-1.97557
18.15	-0.937231	-1.74354
18.16	-0.953488	-1.50715
18.17	-0.967362	-1.26699
18.18	-0.978818	-1.02367
18.19	-0.987827	-0.777787
18.2	-0.994367	-0.529961
18.21	-0.998421	-0.280811
18.22	-0.999981	-0.0309583
18.23	-0.99904	0.218971
18.24	-0.995603	0.468354
18.25	-0.989677	0.716566
18.26	-0.981278	0.962986
18.27	-0.970425	1.207
18.28	-0.957148	1.448
18.29	-0.941478	1.68537
18.3	-0.923454	1.91854
18.31	-0.903123	2.14691
18.32	-0.880534	2.36991
18.33	-0.855744	2.58699
18.34	-0.828816	2.79761
18.35	-0.799816	3.00123
18.36	-0.768816	3.19735
18.37	-0.735895	3.38548
18.38	-0.701135	3.56514
18.39	-0.664622	3.7359
18.4	-0.626448	3.89731
18.41	-0.586708	4.04899
18.42	-0.545502	4.19055
18.43	-0.502932	4.32163
18.44	-0.459105	4.44191
18.45	-0.414131	4.55109
18.46	-0.368122	4.64889
18.47	-0.321192	4.73507
18.48	-0.27346	4.80942
18.49	-0.225044	4.87174
18.5	-0.176065	4.92189
18.51	-0.126647	4.95974
18.52	-0.0769121	4.98519
18.53	-0.0269848	4.99818
18.54	0.0230099	4.99868
18.55	0.072947	4.98668
18.56	0.122702	4.96222
18.57	0.17215	4.92535
18.58	0.221168	4.87618
18.59	0.269633	4.81481
18.6	0.317424	4.74142
18.61	0.364422	4.65617
18.62	0.410509	4.55928
18.63	0.455569	4.451
18.64	0.499492	4.33159
18.65	0.542165	4.20136
18.66	0.583484	4.06062
18.67	0.623344	3.90974
18.68	0.661646	3.74908
18.69	0.698294	3.57905
18.7	0.733197	3.40008
18.71	0.766267	3.21261
18.72	0.797422	3.01711
18.73	0.826584	2.81406
18.74	0.85368	2.60399
18.75	0.878642	2.3874
18.76	0.901408	2.16485
18.77	0.921921	1.93688
18.78	0.94013	1.70408
18.79	0.955989	1.46701
18.8	0.969458	1.22628
18.81	0.980504	0.982487
18.82	0.9891	0.736236
18.83	0.995223	0.488144
18.84	0.998858	0.238832
18.85	0.999997	-0.0110774
18.86	0.998637	-0.260959
18.87	0.99478	-0.510188
18.88	0.988437	-0.758142
18.89	0.979624	-1.0042
18.9	0.968362	-1.24775
18.91	0.954679	-1.48818
18.92	0.938611	-1.72489
18.93	0.920196	-1.95729
18.94	0.899481	-2.1848
18.95	0.876518	-2.40684
18.96	0.851364	-2.62287
18.97	0.824082	-2.83235
18.98	0.794741	-3.03474
18.99	0.763413	-3.22955
19	0.730177	-3.41629
19.01	0.695116	-3.59449
19.02	0.658317	-3.7637
19.03	0.619873	-3.92351
19.04	0.579879	-4.07351
19.05	0.538437	-4.21333
19.06	0.495648	-4.34262
19.07	0.451621	-4.46105
19.08	0.406464	-4.56833
19.09	0.360292	-4.6642
19.1	0.313219	-4.7484
19.11	0.265363	-4.82074
19.12	0.216844	-4.88103
19.13	0.167784	-4.92912
19.14	0.118303	-4.96489
19.15	0.0685272	-4.98825
19.16	0.0185798	-4.99914
19.17	-0.0314139	-4.99753
19.18	-0.0813291	-4.98344
19.19	-0.131041	-4.95688
19.2	-0.180425	-4.91794
19.21	-0.229359	-4.86671
19.22	-0.277719	-4.80331
19.23	-0.325385	-4.72791
19.24	-0.372238	-4.64069
19.25	-0.41816	-4.54187
19.26	-0.463037	-4.43169
19.27	-0.506757	-4.31044
19.28	-0.54921	-4.17842
19.29	-0.590291	-4.03595
19.3	-0.629896	-3.8834
19.31	-0.667926	-3.72114
19.32	-0.704287	-3.54957
19.33	-0.738888	-3.36914
19.34	-0.771642	-3.18028
19.35	-0.802467	-2.98348
19.36	-0.831287	-2.77922
19.37	-0.858028	-2.56801
19.38	-0.882626	-2.35038
19.39	-0.905017	-2.12688
19.4	-0.925145	-1.89806
19.41	-0.942962	-1.6645
19.42	-0.958422	-1.42678
19.43	-0.971486	-1.18549
19.44	-0.982121	-0.941237
19.45	-0.990302	-0.694632
19.46	-0.996008	-0.446292
19.47	-0.999225	-0.196836
19.48	-0.999943	0.0531123
19.49	-0.998163	0.302928
19.5	-0.993887	0.551986
19.51	-0.987128	0.799664
19.52	-0.977901	1.04534
19.53	-0.96623	1.28841
19.54	-0.952143	1.52826
19.55	-0.935677	1.76428
19.56	-0.916872	1.9959
19.57	-0.895776	2.22253
19.58	-0.87244	2.4436
19.59	-0.846924	2.65857
19.6	-0.819291	2.86689
19.61	-0.78961	3.06804
19.62	-0.757956	3.26153
19.63	-0.724407	3.44686
19.64	-0.689047	3.62358
19.65	-0.651965	3.79124
19.66	-0.613254	3.94943
19.67	-0.57301	4.09774
19.68	-0.531333	4.23581
19.69	-0.488329	4.3633
19.7	-0.444104	4.47988
19.71	-0.398769	4.58526
19.72	-0.352437	4.67918
19.73	-0.305224	4.7614
19.74	-0.257248	4.83173
19.75	-0.20863	4.88997
19.76	-0.15949	4.936
19.77	-0.109951	4.96968
19.78	-0.0601374	4.99095
19.79	-0.0101736	4.99974
19.8	0.0398157	4.99603
19.81	0.0897055	4.97984
19.82	0.139371	4.9512
19.83	0.188688	4.91018
19.84	0.237534	4.8569
19.85	0.285786	4.79147
19.86	0.333323	4.71406
19.87	0.380028	4.62487
19.88	0.425782	4.52413
19.89	0.470472	4.41207
19.9	0.513987	4.28899
19.91	0.556217	4.15519
19.92	0.597056	4.011
19.93	0.636403	3.85678
19.94	0.674159	3.69293
19.95	0.710231	3.51984
19.96	0.744527	3.33796
19.97	0.776962	3.14773
19.98	0.807455	2.94964
19.99	0.83593	2.74418
